8 0.21656215625000003 0.5496847265625 0.2165353921875 0.54918015625 0.2143067078125 0.533349671875 0.2175700515625 0.5294064359374999 0.21664505312500001 0.5213199281249999 0.2130016328125 0.5031337375 0.166053909375 0.521473425 0.1743078015625 0.5688066703125 0.176035528125 0.5691425078125001 0.2155934125 0.5546684796875 0.21656215625000003 0.5496847265625
26 0.1558628203125 0.5500581390625 0.1544039390625 0.554352128125 0.1659770515625 0.5574339984375001 0.170760803125 0.5560253765625001 0.17147715937500002 0.5523400406250001 0.17128972656250002 0.5509761156249999 0.16661164687500002 0.5525636421875 0.1558628203125 0.5500581390625
3 0.2160816265625 0.5197227 0.2193456625 0.52701544375 0.2153139078125 0.533306171875 0.21677417656250003 0.55148414375 0.222204290625 0.5606076125 0.23005585312500001 0.5621338015624999 0.2318341234375 0.5623182078125 0.24095644843750003 0.5603461265624999 0.2457345453125 0.5550327562499999 0.2478280203125 0.5458684109374999 0.2490861734375 0.537790121875 0.2557577125 0.5307640890624999 0.25990820000000003 0.523220275 0.2605109765625 0.52011925625 0.261125565625 0.51599408125 0.256291596875 0.51838359375 0.251011334375 0.5086182234375001 0.2455979484375 0.5075659671875 0.24263465625 0.5003316828125 0.236664621875 0.5037487921875 0.2321541625 0.51410789375 0.220948703125 0.5123459140625 0.217094909375 0.5145098109374999 0.2160816265625 0.5197227
3 0.4840237046875 0.9071745578125 0.48247082187499996 0.9136298203125 0.5154489078125 0.9200401109375 0.5157513609375 0.9184841265625 0.51562385625 0.909987865625 0.49936162968750003 0.910155946875 0.4840237046875 0.9071745578125
3 0.5323357453125 0.870576525 0.5346090968749999 0.8776038734375 0.5367285078124999 0.8780158453125001 0.55025758125 0.869898753125 0.54775091875 0.8619209421875 0.5408227828125 0.8622388187500001 0.5323357453125 0.870576525
3 0.5186782578125 0.7805942875 0.5197563328125 0.7750480734375 0.50736695 0.769261265625 0.5049278937499999 0.7737808703125 0.5180261921875 0.7804675390625 0.5186782578125 0.7805942875
23 0.587344846875 0.7971252093750001 0.5959218749999999 0.7762735593750001 0.5959379234375 0.7761909953125 0.59243151875 0.7734367109375 0.582140715625 0.792659646875 0.5862364999999999 0.79690976875 0.587344846875 0.7971252093750001
28 0.480431059375 0.858942346875 0.47834862031250003 0.8664442687499999 0.48993276718749995 0.8678637140625 0.5001801218749999 0.8665264578125 0.49570415937499995 0.8943702484375 0.52004723125 0.9081999749999999 0.526941409375 0.9095400671875 0.534194646875 0.9054898187499999 0.5347279203124999 0.9027463671874999 0.526566921875 0.8608358296875 0.52123148125 0.8593825828125 0.5189255484374999 0.8551890734375001 0.5087437140625 0.8353158 0.5005236203125001 0.8374632578125001 0.498686746875 0.8533357593750001 0.49028799687499997 0.8483740687499999 0.4839054703125 0.845885003125 0.47994062499999995 0.8534371640625 0.480431059375 0.858942346875
3 0.828563384375 0.9063462796874999 0.8340933906249999 0.910331 0.8361370265625 0.899817409375 0.836860034375 0.8813258671875 0.8268023718749999 0.8881098484375001 0.82656923125 0.900548803125 0.828563384375 0.9063462796874999
3 0.522771971875 0.6819007703125 0.5185002515625 0.696197209375 0.5222092890625001 0.6969181734375 0.524944503125 0.6828467140625001 0.522771971875 0.6819007703125
3 0.2011122453125 0.68862255625 0.2024522546875 0.6877844093750001 0.202860946875 0.685681878125 0.1952922265625 0.6721147953125 0.1900685328125 0.6765092640625 0.19928300000000002 0.6882669859375 0.2011122453125 0.68862255625