4 0.5678643812499999 0.4788185859375 0.5699082859375 0.47965726562500005 0.574669434375 0.48014135468749997 0.5768237171874999 0.48210662812500005 0.58015931875 0.4798567375 0.579251290625 0.4788986140625 0.5794106609375 0.47694335624999995 0.579741353125 0.47524209375000004 0.5788727953125 0.47176286875000006 0.5776695625 0.46924849062499996 0.5757929953125 0.4679273890625 0.5725538234374999 0.46604716562500004 0.567764790625 0.46040815625000003 0.5648642796875001 0.4582995046875 0.5618043968750001 0.458146109375 0.5577404875 0.46088725156250004 0.5545291999999999 0.464161946875 0.5552184687499999 0.4659143421875 0.555117534375 0.4671526703125 0.55734185625 0.4704503640625 0.558473575 0.47074023593750003 0.56239405 0.47290002031249995 0.565127225 0.4754910953125 0.5678643812499999 0.4788185859375
4 0.555621365625 0.53175545 0.558290803125 0.5225638499999999 0.5575736484375 0.5156565359374999 0.5580637125 0.512000015625 0.5566851749999999 0.5084952265625 0.5568365765625 0.5050671359375001 0.5530993750000001 0.505370596875 0.5508960984375 0.5064871734375 0.5503980703125 0.508670859375 0.54972871875 0.5106005515625001 0.548553371875 0.5132410921874999 0.5468839765625 0.5188017375 0.546230559375 0.5236770984375 0.546927796875 0.526902328125 0.5456584656250001 0.534160990625 0.5480130640625 0.537651825 0.54936613125 0.5378224203124999 0.550359396875 0.5376513484375 0.5550963921875 0.5344562046875 0.555621365625 0.53175545
4 0.543612465625 0.5384327796874999 0.54500051875 0.5366280796875 0.54515590625 0.5339364046874999 0.545641984375 0.52954346875 0.5463033703125 0.5261409421875001 0.5456101171875 0.5236521296875 0.5462675171875 0.5195131875000001 0.546765546875 0.5173295015625 0.5452037359374999 0.5113614671875 0.5455264609375 0.50818736875 0.5451718671875 0.5054701296874999 0.5426179828125 0.5046058828125 0.539566065625 0.5059253234375001 0.539920659375 0.5086425625000001 0.5390879546875 0.5117910921875 0.5365579687500001 0.51534535 0.5350439625 0.518214321875 0.5343905453125 0.52308968125 0.5345897515625 0.5284985953125 0.53376103125 0.53238354375 0.5327609859375 0.5360145000000001 0.5327685062499999 0.537404484375 0.53504708125 0.5407826109375 0.5377133734374999 0.5404346656250001 0.5404306140624999 0.5400800703125 0.541423878125 0.539909 0.543612465625 0.5384327796874999
4 0.07351326875 0.20320386093749998 0.0750975953125 0.202338471875 0.076850153125 0.20115635625 0.078421834375 0.199523440625 0.0791073171875 0.1996338796875 0.08144406875 0.19805772187499998 0.08180842656250001 0.1972391546875 0.0780632546875 0.1960697828125 0.0744734734375 0.1922087359375 0.0675050703125 0.19210480624999998 0.061725656250000004 0.192510803125 0.057199471875 0.19556375312500002 0.0537714484375 0.19804228125 0.0541300265625 0.201495940625 0.05635321875 0.2040614484375 0.060604384375 0.20451997031250002 0.066214171875 0.20480119531250002 0.07351326875 0.20320386093749998
4 0.33825583125 0.3466604203125 0.34011646406249996 0.3450358546875 0.3363633296875 0.342393646875 0.33196076093750004 0.34536321718749996 0.325354915625 0.3494493640625 0.31876500625 0.3564811796875 0.3138564390625 0.3601616015625 0.3097965125 0.363639159375 0.309149146875 0.3651448765625 0.312516834375 0.370137678125 0.32631719531250003 0.3608292171875 0.326932659375 0.3583630671875 0.33133124375 0.3546570828125 0.336403165625 0.34975781875 0.33825583125 0.3466604203125
4 0.3330322171875 0.4028449625 0.33462191875 0.4042302140625 0.3386875234375 0.40148792968749997 0.3377734453125 0.3996469625 0.337080190625 0.3971581515625 0.3367216140625 0.39370449375 0.33518370625 0.3921549625 0.332968478125 0.3910622875 0.33142658593749996 0.3887763375 0.32731885781250003 0.3834168890625 0.32356970625 0.3815111 0.321195109375 0.38237368125 0.3183145125 0.3839471171875 0.31764516249999997 0.3858768078125 0.3162905265625 0.38679052187499996 0.31643037343749997 0.38711656250000004 0.318525203125 0.3902222734375 0.3253546234375 0.397306553125 0.3269004984375 0.4003289203125 0.330131703125 0.40073630937500004 0.3330322171875 0.4028449625
4 0.3685150046875 0.346668096875 0.37206495156249997 0.3431649734375 0.37374231406249997 0.3390771640625 0.36811261093750003 0.335113853125 0.360096359375 0.329803871875 0.356530478125 0.3303613296875 0.3539765921875 0.32949708125 0.3502433734375 0.330536959375 0.3502462625 0.3310708625 0.35654874687500004 0.3404146796875 0.358462815625 0.3419922734375 0.3628972546875 0.34491404062500003 0.3654591078125 0.34725112187499996 0.3685150046875 0.346668096875
18 0.7657315328125 0.6597704078125 0.7684328375 0.6564701453125 0.7754143921875001 0.6572488765625 0.7767040609375 0.6563789828125 0.77759256875 0.65324824375 0.7707835359375 0.6511890609375001 0.7702576203125 0.6482178265625 0.7375947234375 0.6431795375 0.7365632984375 0.6438752421875 0.73354300625 0.6471134984375 0.7327342046875 0.654680534375 0.7545039921875001 0.6577351234375 0.7657315328125 0.6597704078125
28 0.076781571875 0.2065426421875 0.07286906562499999 0.20585569218750002 0.07032314687499999 0.20646427968749997 0.068809140625 0.2093332515625 0.0685063328125 0.216189434375 0.066840921875 0.222486496875 0.0673588703125 0.2239848984375 0.0684257125 0.2238011546875 0.074024865625 0.2200244765625 0.081072571875 0.214365334375 0.08360255625 0.21081107812500002 0.08002074218750001 0.2084228671875 0.076781571875 0.2065426421875
28 0.14386556718750002 0.21467571406250002 0.1457102671875 0.21010547812499997 0.1436464421875 0.20558471250000002 0.1368254578125 0.2013162765625 0.13223563437500002 0.2010861828125 0.1269764578125 0.20278578125000002 0.12308386874999999 0.20578091718749997 0.119207215625 0.211721721875 0.12020949218750002 0.2163579875 0.1242454875 0.222341596875 0.13184914375 0.2238895484375 0.1345666484375 0.2225369875 0.13974813749999998 0.219042028125 0.14386556718750002 0.21467571406250002
28 0.05600497343750001 0.230793225 0.05889751875 0.23142904375 0.0629614296875 0.2286879015625 0.0665034078125 0.22371194375 0.06749150000000001 0.21787173750000002 0.0659496078125 0.2155857890625 0.06576235312499999 0.2123861265625 0.0628658234375 0.211013890625 0.059630635937499996 0.2098700859375 0.0555627421875 0.21187480781249998 0.05166218593750001 0.2133971109375 0.0513394625 0.21657120624999998 0.049646165625 0.21771335 0.0482955140625 0.21936348125 0.0469528265625 0.2224864453125 0.0464627640625 0.22614296562499997 0.043924815625 0.2282243875 0.04462205 0.2314496171875 0.043956682812499995 0.23411572656250002 0.0433528609375 0.23653521875 0.0435667984375 0.23685239375 0.045673878125 0.2373920859375 0.050415107812500005 0.2341940875 0.052785721875000004 0.23259508750000002 0.05600497343750001 0.230793225
17 0.1180808234375 0.21320210624999997 0.11723992187500001 0.21195541874999999 0.1153754390625 0.21103575000000002 0.113156228125 0.209206659375 0.1102676671875 0.20930725625000002 0.1099329921875 0.21027210312500003 0.109096303125 0.212684215625 0.1092716078125 0.21367462812500002 0.10777304218749999 0.214685425 0.1116652484375 0.2204558578125 0.1123424421875 0.2205649625 0.11799804843749999 0.2167502078125 0.11862257812500002 0.214388809375 0.1180808234375 0.21320210624999997
28 0.11072569375 0.220934846875 0.1098690859375 0.2196648765625 0.10832719375 0.2173789265625 0.10662593281249999 0.2170482328125 0.10390869218750001 0.217402828125 0.1008567765625 0.21872226718749999 0.09780884375 0.2207781234375 0.0959561765625 0.2238755234375 0.0958432203125 0.22773500000000002 0.097923346875 0.230818915625 0.10015059062500001 0.23067318593750002 0.1074970734375 0.22571792031250001 0.10853436718750001 0.22426067500000002 0.11072569375 0.220934846875
28 0.1026359703125 0.23110322343749998 0.101273365625 0.230544103125 0.097193521875 0.23033957656249998 0.0954842921875 0.22853605 0.0953010203125 0.22607280312500003 0.09275510000000001 0.2266813921875 0.0814199796875 0.23617478749999998 0.07923759999999999 0.2394408296875 0.0841301875 0.24669438906250002 0.08540605 0.24627265 0.090305321875 0.24296805 0.101460621875 0.23374376562500002 0.1026359703125 0.23110322343749998
28 0.188458496875 0.256068771875 0.1854407953125 0.25664450625 0.183922803125 0.258777059375 0.18275940625 0.26362685468749997 0.1831953015625 0.2678252046875 0.1837710796875 0.2686788296875 0.1878791296875 0.2675645984375 0.1899031171875 0.26472119375 0.19003726875 0.2584093984375 0.188458496875 0.256068771875
28 0.1485034875 0.2858458390625 0.1520733515625 0.2860247984375 0.1544997765625 0.286365259375 0.15941747343749998 0.28304823125 0.16222117656249999 0.27696269375 0.1627192046875 0.274779009375 0.15574681562499998 0.2739386625 0.1485034875 0.2858458390625
28 0.205829540625 0.276151809375 0.20258240156250001 0.27279875 0.1980124953125 0.27625074375 0.195315171875 0.2802874234375 0.195584375 0.2833985546875 0.1989662578125 0.288412403125 0.20481235312499999 0.28446916093749997 0.20806866875000002 0.28166298749999996 0.207718059375 0.27968216562500003 0.20787344531250002 0.276990490625 0.205829540625 0.276151809375
28 0.23397060781249998 0.2725992203125 0.23226137812499997 0.27079569375 0.22785880937499997 0.2737652640625 0.22497024843750002 0.2738658640625 0.223858484375 0.27502094375 0.22605715 0.27828059843749997 0.2281205671875 0.2781711515625 0.2317780875 0.275704121875 0.23194662031250002 0.275442625 0.23397060781249998 0.2725992203125
28 0.21555426406249997 0.296477315625 0.21349840625 0.2934293828125 0.20960581875 0.2964245203125 0.20780221562499998 0.29871804218750003 0.20936450468749998 0.30103423125 0.21042076875000001 0.301418109375 0.21446158906249999 0.298692540625 0.2147135921875 0.2981530125 0.21555426406249997 0.296477315625
28 0.2523593046875 0.31115711562500004 0.2513313765625 0.30963314999999997 0.25014009531250003 0.309328025 0.25046281875 0.3061539265625 0.24553832031249997 0.30688868125 0.242506321875 0.31189020625 0.24098036406249998 0.3125499234375 0.23895239375 0.3146569140625 0.2394783078125 0.317628146875 0.23783899531250002 0.3208957546875 0.2379103796875 0.32100158749999996 0.24392150781250002 0.3221700328125 0.24494200312499997 0.3214817 0.2477894 0.314609109375 0.2523593046875 0.31115711562500004
28 0.2557289921875 0.27904290625 0.2540396796875 0.2809214671875 0.2516770328125 0.2839932984375 0.2528961984375 0.289453346875 0.2557688265625 0.28640707656250003 0.25780078125 0.28503650625 0.258131475 0.2833352453125 0.2562628734375 0.28348697500000003 0.2557289921875 0.27904290625
28 0.33959925156250004 0.38956466875 0.36551742656249997 0.37208263750000004 0.365626775 0.36960679375 0.3627262609375 0.367498140625 0.3530605328125 0.3714308921875 0.34509606875 0.37569433750000003 0.34068553281249997 0.3771910734375 0.3339004 0.3795503890625 0.332246221875 0.3826224640625 0.334765715625 0.3863577671875 0.3354701765625 0.386991259375 0.3387053640625 0.3881350671875 0.33922331250000004 0.3896334671875 0.33959925156250004 0.38956466875
28 0.35910742500000004 0.387326503125 0.356222846875 0.38816351875 0.35435424531250004 0.38831525 0.348421734375 0.3912081234375 0.340628590625 0.3957255609375 0.337078646875 0.39922868437500003 0.3384532 0.40199705625000004 0.336935209375 0.4041296109375 0.33461539375 0.405694346875 0.3353461453125 0.40677772812499996 0.338598621875 0.40531732500000006 0.359958334375 0.3909100171875 0.3599759796875 0.3908057265625 0.35910742500000004 0.387326503125
28 0.36357236406250004 0.421805921875 0.360345140625 0.42213494999999995 0.35509393437500003 0.4253073828125 0.3510379921875 0.4295213578125 0.34899856093750004 0.4354008859375 0.35036806249999997 0.43743125312500003 0.35328110156250003 0.4357689546875 0.36649279218749997 0.4275966609375 0.36713824375000004 0.421248465625 0.36357236406250004 0.421805921875
28 0.3130360453125 0.4451760875 0.31247214687499997 0.44199026406249997 0.30974295625 0.44013560468749996 0.3069768703125 0.44295630937499997 0.3077448296875 0.44409485625 0.30891821875000003 0.44475697031249994 0.30980854375 0.44715443749999995 0.309900625 0.4472909546875 0.3130360453125 0.4451760875
28 0.1187263453125 0.4660576859375 0.11243127343749999 0.464760484375 0.09791673281249999 0.48341991406249996 0.098055715625 0.485287878125 0.0991528828125 0.4869144953125 0.10074756562500001 0.4884765515625 0.10838497968750001 0.4833250515625 0.12043955937499999 0.4685976296875 0.1187263453125 0.4660576859375
28 0.3694375125 0.676647140625 0.373166346875 0.6732266078125 0.3722858390625 0.6675381312499999 0.3624169203125 0.6653255515625001 0.358678328125 0.6669418625 0.3561324546875 0.668659075 0.354398765625 0.6753260921875001 0.3558326546875 0.67745191875 0.36457267187500003 0.679928515625 0.3694375125 0.676647140625
28 0.42216475156250005 0.5213288203124999 0.41915267343749996 0.5300124296875001 0.42296154374999995 0.5366728984375 0.42480752187500004 0.5394096734375 0.4248964234375 0.5393497093749999 0.43072683593749994 0.533292121875 0.43204960468750003 0.5264870703125 0.42895785468750003 0.5204423359375 0.42216475156250005 0.5213288203124999
28 0.2553200875 0.35975172187500004 0.25396146875 0.3599290171875 0.2521008359375 0.36155358125000003 0.25330406875 0.36406795937499997 0.2521247359375 0.3659720859375 0.25230759062499997 0.36749418125 0.254011809375 0.3700207890625 0.2581815515625 0.3672082625 0.2585831625 0.3660504484375 0.2588899515625 0.3599306828125 0.2573520421875 0.3583811515625 0.2553200875 0.35975172187500004
28 0.6991596625 0.5923668281250001 0.7067775015625 0.586858978125 0.7089608593750001 0.5820603171875 0.705538415625 0.577716846875 0.7041558921875 0.573475640625 0.7024386953125 0.5701992812500001 0.699550134375 0.5702998781249999 0.6871831 0.5775328921875 0.6748280156249999 0.5869751578125 0.6726366921875 0.5903009859374999 0.6738073906250001 0.5928219171875 0.6798536000000001 0.6017857906249999 0.6820593671874999 0.6042706734375 0.685749253125 0.60464584375 0.696213821875 0.5975874015625 0.6991596625 0.5923668281250001
28 0.6289365078125 0.5168014484375 0.6275778859375001 0.5169787453125 0.626051928125 0.5176384625 0.625207271875 0.51857774375 0.6245339375000001 0.51977101875 0.62437456875 0.5217262765624999 0.6250598546874999 0.522742253125 0.6260837984375 0.5235298015625001 0.6269682953125 0.5236723046875 0.6321836453125 0.52015450625 0.632008340625 0.5191640953125 0.6314903937499999 0.5176656953125 0.6302991109375 0.51736056875 0.6289365078125 0.5168014484375
28 0.47444939062499997 0.42870790468750003 0.477182565625 0.43129898125 0.48024643125 0.43218879374999997 0.4804303703125 0.4321571125 0.48744343749999997 0.4274267390625 0.48786427187500003 0.42668094375 0.4888762671875 0.425259240625 0.49225488906250003 0.42150212187499997 0.4939521671875 0.421096396875 0.4959761578125 0.418252990625 0.495454225 0.41601817343749997 0.49442629687500006 0.4144942078125 0.48743000781249995 0.40923535937500005 0.48471675000000003 0.4103263703125 0.4831868078125 0.4102496734375 0.48249753906250004 0.40849727812500003 0.479788265625 0.41032470468750004 0.4777602953125 0.41243169375 0.4753856984375 0.413294275 0.4740310609375 0.4142079890625 0.4729945671875 0.4126713234375 0.4707424765625 0.414190378125 0.46623393437500005 0.417989009375 0.46602694062500005 0.41889660468749995 0.4702285953125 0.42512581406249994 0.47444939062499997 0.42870790468750003
28 0.5727371671875 0.554135575 0.5810522437500001 0.5518529562500001 0.5876620734375 0.5485032265625 0.5913952890624999 0.5474633453125 0.5981844078125 0.5458404453125001 0.6040486875 0.544785921875 0.6079483437500001 0.5421555703125 0.6076668625 0.5394444484375 0.6066230015625 0.5349748140624999 0.6067783875 0.5322831406249999 0.6045551921875 0.5297176296874999 0.6038579562499999 0.5264924015625 0.5980808328125 0.5266935984375001 0.5885864265625 0.5308803453125 0.577048115625 0.5342284109375 0.5741998609375 0.5328790453125001 0.5683620234375 0.5368167171875 0.5668843578125 0.540344846875 0.5680904671875 0.5478583609375 0.5721952734375 0.5539439859375 0.5727371671875 0.554135575
28 0.5625306421875 0.5468476421874999 0.5586380515625 0.549842778125 0.5566060984375001 0.5512133484375 0.5567853875 0.5529401796875 0.5546020281249999 0.557738840625 0.5561439203125 0.5600247890625 0.56022874375 0.5611498390625 0.5626501562499999 0.5595165765625 0.5661323734375 0.552917940625 0.566630403125 0.5507342562499999 0.565598490625 0.548473871875 0.5625306421875 0.5468476421874999
28 0.40898852343750003 0.535516484375 0.41311870624999997 0.5416397328125 0.422241153125 0.5354865640625001 0.418952615625 0.52994411875 0.41894166093749996 0.5279189718749999 0.41886001562499997 0.527797928125 0.40898852343750003 0.535516484375
28 0.40999954218749995 0.501466878125 0.40675638750000004 0.4988502375 0.4041049765625 0.5003342703125 0.406795553125 0.504323215625 0.40692212968749997 0.504355634375 0.40865606093749995 0.5031860828125 0.40864888906249996 0.503117009375 0.40999954218749995 0.501466878125
28 0.5482438468749999 0.4560214765625 0.5506303953125 0.45736814687500005 0.550299703125 0.4590694078125 0.5545088828125 0.4632332953125 0.5559380218750001 0.462269328125 0.5569334328125 0.46013818281249996 0.555566846875 0.45884264375 0.5584554078124999 0.45874204531249996 0.5604873609375 0.45737147499999997 0.559116790625 0.45533952031249997 0.554335728125 0.451173346875 0.54938964375 0.44595439375 0.5449172171875001 0.44897108281250003 0.5446381312499999 0.4492147609375 0.5438063984375 0.45038322343750004 0.547311525 0.45557978749999994 0.5482438468749999 0.4560214765625
17 0.8224036953124999 0.6265889375 0.822375809375 0.6214340171875 0.817264053125 0.6189691078124999 0.8114948984374999 0.620643140625 0.8078275312500001 0.626656809375 0.809743903125 0.6294979484375001 0.8125746109374999 0.6317405296875 0.8168542625 0.6311820453125 0.821239903125 0.62822389375 0.8224036953124999 0.6265889375
28 0.862922440625 0.6861034359375 0.8616076671874999 0.6629693765625 0.8529340140624999 0.6617983375 0.8454755468749999 0.6653509296875 0.8469853421875 0.6875048578125 0.8490020109374999 0.6904946921875 0.849862153125 0.6908476359375 0.8584796296875 0.689802296875 0.861478459375 0.6877795609375 0.862922440625 0.6861034359375
28 0.63938510625 0.5444916734375 0.6371778453125 0.5448718312499999 0.6359945312499999 0.546039540625 0.6332812734375 0.5471305515625 0.6327792609375 0.5485778203125 0.6334645453125 0.549593796875 0.634655828125 0.5498989234375 0.6363610765625001 0.550966034375 0.6377236796875 0.5515251546875 0.6390902671875 0.5528206921875001 0.641300834375 0.5554686281250001 0.648324103125 0.550731371875 0.6472340203125 0.5502840765625 0.6458674328125 0.5489885390625 0.6434769015625 0.546905453125 0.63938510625 0.5444916734375
28 0.576844265625 0.4858622 0.5761812921875 0.483944246875 0.56940014375 0.48703998281249994 0.565666925 0.48807986249999996 0.561770353125 0.49033858124999996 0.5617738890624999 0.49099215156250003 0.5627510625000001 0.49244087031249995 0.5663681453125 0.4920415078125 0.56907741875 0.49021407968749997 0.5723333234375 0.4889048671875 0.576844265625 0.4858622
28 0.47495390937500004 0.46778033125 0.473690921875 0.45421969687499997 0.46790184687499997 0.45221164218750004 0.4634833453125 0.45223554374999997 0.4602680765625 0.45477382187500004 0.45756676875 0.458074084375 0.4555507484375 0.4623903234375 0.455745971875 0.4670628234375 0.45592384687500004 0.4765675015625 0.4578308046875 0.4793946828125 0.46226494531249995 0.47833472656250003 0.46698924062499997 0.47514815 0.46902936406249995 0.47214603750000006 0.47495390937500004 0.46778033125
17 0.8697936374999999 0.7349983703125 0.8733635 0.73517733125 0.877770053125 0.732944178125 0.8838738859375 0.7303053 0.8859897046875 0.7296726984374999 0.8886278624999999 0.7278932390625 0.88809318125 0.724872484375 0.8836786625 0.725632803125 0.8775748312499999 0.7282716796875001 0.8736822421875001 0.7312668171875 0.8707976625 0.7321038328125 0.8672278 0.731924871875 0.86653853125 0.730172478125 0.864665946875 0.7295877921875 0.85978476875 0.7316286390625 0.861124503125 0.733614878125 0.8618012875 0.73410689375 0.8641878359374999 0.7354535624999999 0.8662237734374999 0.734819409375 0.8697936374999999 0.7349983703125
28 0.9854423421874999 0.7184118875000001 0.9727087624999999 0.7207184078125 0.9727212609375 0.7230289156249999 0.9750855046875 0.7265340499999999 0.9754618546874999 0.7269915703125001 0.9794965437500001 0.7287971515625 0.981095296875 0.7277187796875 0.9854423421874999 0.7184118875000001
17 0.8492249546874999 0.6602350578125 0.8488566140625 0.6596889703125 0.8478366515625 0.6596378390625001 0.8423902218749999 0.6581377734375 0.8417049359375 0.6571217953125 0.8433902640625 0.65450681875 0.8447409171875 0.6528566875 0.8464381968750001 0.6524509609375 0.8491634031249999 0.653569203125 0.8512073093750001 0.6544078828125001 0.8522352375000001 0.65593185 0.8505538937500001 0.65928324375 0.8505795921875 0.6593213437500001 0.8529473843750001 0.6577242484375 0.8540998546875 0.655043703125 0.8539205671874999 0.653316871875 0.8462589093749999 0.650724134375 0.8447289687499999 0.6506474375 0.842358353125 0.6522464375 0.8401710109374999 0.6563086828125 0.8396397140625 0.6570550765625 0.840904634375 0.6589303984375 0.8417168875 0.659331046875 0.8469959812500001 0.6613135359375 0.8477122781249999 0.661255371875 0.8492249546874999 0.6602350578125
28 0.6766324109374999 0.600872759375 0.6725047625 0.591831225 0.667241603125 0.59279440625 0.67325776875 0.6053662953125001 0.6758437703125 0.6098120015624999 0.6782936703125 0.613444128125 0.6786506718750001 0.613203328125 0.679919384375 0.6115899890625001 0.681659096875 0.6111741203125 0.68231948125 0.6107286843749999 0.6766324109374999 0.600872759375
28 0.7191479703125 0.581046425 0.718112075 0.5780496234375 0.719630065625 0.57591706875 0.72114805625 0.573784515625 0.71961413125 0.5729714015625 0.7172435171875 0.5745704 0.714705565625 0.576651821875 0.7152235124999999 0.578150221875 0.7171080484375 0.580944159375 0.7174666249999999 0.5843978171875001 0.7173299828124999 0.587491671875 0.717897909375 0.5883336578125 0.7180801921875 0.588492496875 0.7201724890625 0.5870812234375 0.7200125453124999 0.5837892296875 0.7191479703125 0.581046425
28 0.8375963687500001 0.6987329828125 0.8458917484375 0.711031390625 0.8481852234374999 0.7099389703125001 0.8521274968749999 0.7072798734375 0.8450950765625 0.6947652203125 0.8375963687500001 0.6987329828125
28 0.7798336499999999 0.6457683515625 0.78341148125 0.6474201468749999 0.7913958640625001 0.6468387890625 0.7915791359375 0.649302034375 0.795054775 0.6496554171875 0.7963857046875 0.64875769375 0.7964916859375 0.646358028125 0.8039222703125001 0.63765051875 0.8066076421874999 0.6314045875 0.8042091421875 0.6278486671875 0.8001452328124999 0.6305898078125 0.79640803125 0.6308932703125001 0.7931768265625 0.630485878125 0.79197359375 0.6279715 0.795180896875 0.6239603890625001 0.7941099375 0.6239067 0.7915361265625 0.6256427578125 0.78384975625 0.6341902015625 0.776982865625 0.6424002375 0.7780266078125 0.64394765 0.7798336499999999 0.6457683515625
28 0.835211975 0.6828614640625 0.8323234109375001 0.6829620624999999 0.826227546875 0.6870737734375 0.8265980296875 0.6880156875 0.8291036046875 0.6917303546875 0.8297435703125 0.6922225734375 0.83493493125 0.68872095625 0.8350725203125 0.6884988062499999 0.835211975 0.6828614640625
28 0.8374568437500001 0.6729399734375 0.8360862718750001 0.6709080171874999 0.83370370625 0.670297765625 0.832675778125 0.6687737984375001 0.830133846875 0.6701188046875 0.8298311765624999 0.6704553796875 0.832824659375 0.6748934 0.8328789703125 0.674919128125 0.8342612953125 0.6759823203125 0.8362424531249999 0.6746460125 0.8374568437500001 0.6729399734375
28 0.4997457734375 0.4262980203125 0.50127173125 0.42563829999999997 0.501431103125 0.4236830453125 0.502100453125 0.421753353125 0.5005585609375001 0.41946740312499997 0.49937126249999997 0.4198986953125 0.497685934375 0.4225136703125 0.4958372515625 0.4263474875 0.4929236765625 0.42803639374999997 0.493787746875 0.4293174296875 0.495339221875 0.4285311734375 0.4966998328125 0.42872208437500003 0.49932444218749994 0.42695176406249996 0.4997457734375 0.4262980203125
28 0.72469163125 0.61984261875 0.7255325046875 0.6169472640625 0.732297721875 0.6109058609375 0.7336443890625 0.6085193125 0.7314251796875 0.6066902203125 0.731237921875 0.6034905578124999 0.728353346875 0.6043275734375 0.7263213890625 0.6056981453125 0.722922846875 0.6057731765625001 0.7190103437500001 0.6050862265625 0.712221225 0.606709128125 0.7030853953125 0.61434953125 0.7026318046875 0.615996428125 0.708897278125 0.6252853734375 0.7094362359375 0.6259565734375 0.7148667343749999 0.6245109703125 0.7175696312500001 0.62464646875 0.72469163125 0.61984261875
28 0.7359452625 0.6254449578125 0.736628359375 0.6244853078125 0.7372937265624999 0.6218192 0.73869646875 0.6163745828125 0.7379608234374999 0.61528394375 0.736919215625 0.615419871875 0.7352179546875 0.61508918125 0.7325007109375 0.6154437749999999 0.7297794890625 0.6150619500000001 0.7274128578125 0.6173973671875 0.7265761687500001 0.61980948125 0.7245601500000001 0.6241257203125 0.7249107593749999 0.6261065421875001 0.7261100078125 0.627884503125 0.7252089078124999 0.629908921875 0.7257685578124999 0.630738634375 0.7261259421874999 0.6308301734375 0.732556484375 0.6257536140625 0.733926009375 0.6268069609375 0.7359452625 0.6254449578125
28 0.7709734109374999 0.6362850609375 0.7679981328125 0.631874028125 0.766458628125 0.6300299265625 0.764601978125 0.6323909109375 0.7625700234375 0.63376148125 0.76238263125 0.6347255281249999 0.763403421875 0.6362389140625 0.7658211453125 0.63785095625 0.7676267953125 0.639885090625 0.7686427671875 0.6391998078125 0.7709734109374999 0.6362850609375
28 0.738949821875 0.6192978515625 0.7393848265625 0.6201893218750001 0.7416194953125 0.6235023546875 0.7493705578125 0.6182741968750001 0.7459062765625 0.617192528125 0.7438623703125 0.6163538484375 0.7392765296875 0.616860171875 0.738949821875 0.6192978515625
28 0.734006471875 0.6463943796875 0.737385096875 0.6426372609375 0.7392497125 0.6417491140625 0.744656309375 0.6358850046875 0.7429470796875 0.6340814796875 0.7340821890625 0.6289743624999999 0.7283369328125 0.635066896875 0.7254643062499999 0.638113165625 0.72208568125 0.641870284375 0.7180217718749999 0.644611425 0.7169247734375 0.6455692421875 0.7187880718749999 0.6483316968749999 0.7246953359375 0.653044371875 0.7258945859375 0.65482233125 0.7333331375000001 0.6475876546875 0.734006471875 0.6463943796875
28 0.8239186859375 0.6616897515625 0.8276625328125 0.6672402328125 0.8285642171875001 0.6666320390625 0.831940846875 0.6625067140625001 0.8303909890625001 0.65874793125 0.8281757609374999 0.65765525625 0.8239186859375 0.6616897515625
28 0.80543805 0.712866703125 0.808606846875 0.7140183359375001 0.8120822078125001 0.711674175 0.8134025156250001 0.708603259375 0.808123421875 0.706620771875 0.8062388875 0.7038268328124999 0.8043792312500001 0.7017921734375 0.8040876046875001 0.701988878125 0.7991468187499999 0.7059959124999999 0.799924190625 0.7071484140625001 0.8020195906250001 0.70925965 0.80543805 0.712866703125
28 0.8680421140625001 0.743441484375 0.867544084375 0.7456251703125 0.8714645593749999 0.7477849546875001 0.873325190625 0.7461603890624999 0.877919 0.7471269 0.8819908765625 0.7458585921875 0.8834556750000001 0.746459646875 0.8855440734375 0.7450510046875001 0.8860587703125 0.74385386875 0.8768751375000001 0.742657265625 0.87399454375 0.7442306984375 0.8680421140625001 0.743441484375
28 0.866519328125 0.7635375046874999 0.8719607859374999 0.7562640609375 0.8699128984375 0.7546889640625001 0.8656577484374999 0.753494025 0.8588526968749999 0.75217125625 0.85562149375 0.7517638671875 0.8550962343749999 0.7582080703125 0.8567851765625001 0.7607120296875001 0.8592471265625001 0.76225266875 0.862996278125 0.7641584578125 0.864011134375 0.7652293015625 0.866519328125 0.7635375046874999
28 0.954843825 0.77558106875 0.955104384375 0.76745995 0.9496738875 0.7689055546875 0.9462872953125 0.7711898390624999 0.9420600328125 0.7751498203125 0.9423182125 0.775751740625 0.94330159375 0.7772096640624999 0.945641846875 0.7775380328125 0.9478530890625001 0.7778942890625 0.952880075 0.7769056359375 0.954843825 0.77558106875
28 0.9697565671874999 0.780600021875 0.9680294421875001 0.779344415625 0.9648062046874999 0.7804098609375 0.9636069546874999 0.7786318999999999 0.964104984375 0.7764482140625 0.9666509046874999 0.7758396249999999 0.96340775 0.7732229859374999 0.9579931875 0.7776142578125 0.9547779140625 0.7801525375 0.9547706109374999 0.780242153125 0.9567068171875001 0.783112696875 0.96209693125 0.7822372875 0.9660094375 0.7829242375 0.9665506984375 0.7827624078125 0.9697565671874999 0.780600021875
6 0.16001762656250001 0.24661209374999998 0.15781036875 0.246992253125 0.154248471875 0.248286125 0.15340779843750002 0.2499618234375 0.14835978125 0.2592795875 0.1487103890625 0.26126041093749997 0.1517702734375 0.26141380625 0.153981515625 0.2617700640625 0.1561847921875 0.2606534859375 0.156354525 0.26061291249999996 0.16101446875 0.25746974218749996 0.1617666921875 0.2557797921875 0.1619260640625 0.25382453437499997 0.1615515515625 0.24742520781250002 0.16001762656250001 0.24661209374999998
19 0.22522999375000002 0.310276315625 0.22749497343749997 0.3031128984375 0.2277977796875 0.296256715625 0.21863804999999997 0.299478615625 0.2110082609375 0.3027772140625 0.202358509375 0.3060246796875 0.20172102656250002 0.3138457078125 0.201840728125 0.3178218296875 0.2033692953125 0.320088025 0.21633913906250002 0.314333125 0.2209170140625 0.3123539671875 0.22267405468749998 0.31200031875 0.22522999375000002 0.310276315625
23 0.042183265625 0.22123197656250002 0.0467611390625 0.21925281718749998 0.0503610828125 0.2171387453125 0.0509988953125 0.216708534375 0.0511477734375 0.21333757968749997 0.053861031250000004 0.21224656875 0.061662142187500005 0.20920196406249997 0.05943098125 0.205163621875 0.056203759374999995 0.20549265 0.054833187500000005 0.20346069375 0.0529446703125 0.1999303390625 0.0515860515625 0.20010763593749997 0.031601178125000004 0.2128484984375 0.030760504687500002 0.21452419531250003 0.0292464984375 0.21739316562500002 0.025875840625 0.22262312031249998 0.0214613203125 0.22338343749999998 0.0197839609375 0.22747125 0.021247160937500002 0.231704228125 0.02229201875 0.2332532921875 0.029652876562500003 0.22968382968749998 0.0355278140625 0.22714391093750003 0.0359977078125 0.22682696406249997 0.042183265625 0.22123197656250002
19 0.41205774999999994 0.38320775937499996 0.40559135625 0.3816565640625 0.3989576265625 0.3805877890625 0.39522440937500003 0.38162766875 0.39357094843749996 0.3901339828125 0.3917469671875 0.3953923921875 0.3943870296875 0.39930644531250004 0.3985512171875 0.3997090703125 0.4044720234375 0.398579465625 0.4077273859375 0.39638369687499997 0.41205774999999994 0.38320775937499996
19 0.4692239359375 0.510256721875 0.45747892968750004 0.5007426875000001 0.4496977359375 0.5074693781249999 0.44384092343750003 0.5145379453125 0.44511941093749996 0.5164333812499999 0.45489117187500006 0.5247721421875 0.45583410625000004 0.524136125 0.469372628125 0.51047716875 0.4692239359375 0.510256721875
19 0.520568796875 0.503310340625 0.523297190625 0.5050177171875 0.5368435515625001 0.49588058124999995 0.5388723234375 0.49392087343749996 0.5393663703125 0.4910007703125 0.5395217578125 0.48830909531250005 0.534923965625 0.48660616718750005 0.53168479375 0.48472594375 0.525365821875 0.4790102390625 0.520453271875 0.4819542421875 0.5162299921875 0.4866506421875 0.51132939375 0.49180389843750005 0.5092739625 0.494189775 0.5109128703125 0.49661955625000004 0.5111859578125 0.49670482343750005 0.5147637875 0.49835661875000004 0.5164650515625 0.49868731093749996 0.520568796875 0.503310340625
23 0.528671353125 0.511222884375 0.49502060625000005 0.5110083703125 0.49155253125 0.52100658125 0.491979 0.521638846875 0.5225851453125 0.5224604375 0.5244934812500001 0.5211732484375 0.5251532765625 0.5206173453125 0.528671353125 0.511222884375
19 0.5122035390625 0.4853199265625 0.5171041359374999 0.480166671875 0.52076565 0.4658712828125 0.519717803125 0.46066523125 0.5140960671875 0.4581747546875 0.5120601296875 0.4588089078125 0.50901618125 0.46160118125 0.5080161359375001 0.465232134375 0.508876728125 0.46723852499999996 0.503661371875 0.4770387109375 0.49878691406250003 0.4870247046875 0.49960925781250004 0.48824387812500003 0.5074214375 0.48934003125 0.5093771953124999 0.4880208546875 0.509494265625 0.48714735468750003 0.5122035390625 0.4853199265625
19 0.6790408890624999 0.582710765625 0.679312209375 0.582601665625 0.6966430953125 0.5709118359375001 0.6942686 0.57022223125 0.6898461124999999 0.5695097171875 0.68712090625 0.568391475 0.685582996875 0.5668419421875 0.686762328125 0.5649378171875 0.6886309296875 0.5647860859375 0.690838190625 0.564405928125 0.6906589000000001 0.5626791 0.6896230046875 0.5596822984375 0.6891050578125 0.5581838984374999 0.6677177453125 0.56300146875 0.6639885125 0.5647777640625 0.6594066546875 0.56602050625 0.6534661765625 0.56744054375 0.6500948984375 0.5744319359375 0.6513943234374999 0.5763584125000001 0.6518167 0.5766832749999999 0.6536853015624999 0.5765315453125 0.669004634375 0.58098060625 0.6790408890624999 0.582710765625
23 0.45051317031250004 0.492488353125 0.4516964859375 0.4913206453125 0.4527244125 0.49284460937499996 0.4544256765625 0.49317530156249995 0.45121040625 0.49571357968749996 0.44902306249999996 0.49977582500000006 0.45260089531250003 0.5014276203125 0.45566077656250004 0.5015810171874999 0.45769273281249995 0.5002104453125 0.4597406234375 0.50178554375 0.4635399765625 0.5019760093750001 0.46616458749999995 0.5002056875 0.4666970765625 0.49968022031250003 0.46872504687500005 0.4975732328125 0.46990039687499996 0.49493269062499995 0.4720996890625 0.49307969687500003 0.4736216640625 0.491683559375 0.47342245624999996 0.48627464375 0.47153792031249997 0.48348070625000006 0.4665974890625 0.48126979218750005 0.4628602875 0.481573253125 0.45895973124999995 0.48309555625 0.4570871484375 0.48251086875000004 0.4548906453125 0.48330875625 0.45412865625 0.4838227234375 0.4508199609375 0.4863685875 0.4489633125 0.4887295703125 0.448313878125 0.4943413453125 0.45051317031250004 0.492488353125
7 0.15130769375 0.5195298921875 0.154303709375 0.5239716671875 0.169678828125 0.5136010171875001 0.176024509375 0.5085447421875 0.1749886140625 0.5055479421875 0.1708968203125 0.5031341640625 0.15130769375 0.5195298921875
7 0.08764008125 0.423111603125 0.08422958750000001 0.42097738749999997 0.0840423328125 0.417777721875 0.0804844203125 0.41980801406249996 0.076934475 0.4233111375 0.0789766265625 0.4318541140625 0.08127649375 0.43526380781249996 0.0844765984375 0.43522330625 0.0873532078125 0.4329134578125 0.08903056875000001 0.428825646875 0.08764008125 0.423111603125
7 0.157188003125 0.7320056703125 0.16303584531249998 0.7291699078125 0.16494609843750002 0.7278814265625 0.1625270109375 0.7066097609375 0.16229447187499998 0.7062650078125 0.15959848125 0.7063589 0.15535926718749998 0.7081096296875 0.1535297015625 0.709195865625 0.15082813281250002 0.7110180953125 0.153920946875 0.7249705265624999 0.15438638124999998 0.7280712484375 0.1568037234375 0.7316551062500001 0.157188003125 0.7320056703125
13 0.6440996515624999 0.5858426984375 0.642904384375 0.5848011546875 0.6403544828125 0.584673325 0.63730655 0.5867291812500001 0.636874584375 0.5883624828125 0.639370046875 0.5920621578125 0.641748153125 0.590976503125 0.6441594125 0.5893500875 0.6446175984375 0.5873410984375 0.6440996515624999 0.5858426984375
13 0.72592431875 0.65482075625 0.7243860109375 0.6531975812499999 0.7160287125 0.646417703125 0.71473503125 0.6472903015625 0.7124389250000001 0.650095521875 0.7148145796875001 0.6536175765625 0.720733921875 0.6583217234375 0.72592431875 0.65482075625
26 0.44172875312500004 0.38287306249999997 0.442272703125 0.3836795 0.458382290625 0.3999108421875 0.459643046875 0.3990604515625 0.4429295984375 0.38206308125 0.44172875312500004 0.38287306249999997
26 0.46122685625 0.395014953125 0.4625780921875 0.39701824375 0.4790746921875 0.41036255468749994 0.47991934687500004 0.409423275 0.4621656625 0.3947905375 0.46122685625 0.395014953125
26 0.8015905359375 0.712413078125 0.8040312796875 0.716031628125 0.8293818234374999 0.7395844640625 0.831079821875 0.7384391484374999 0.8027800765625001 0.7116107234375 0.8015905359375 0.712413078125
26 0.27568635 0.31274003437500003 0.2758673796875 0.313008421875 0.2775729609375 0.3115192390625 0.27610678437499997 0.291813271875 0.2744134875 0.29295541406250003 0.27568635 0.31274003437500003
1 0.8158506125 0.718186378125 0.8144999578125001 0.7198365109375 0.8146292453124999 0.7205669359375 0.81670009375 0.7236370953125 0.8228222046875 0.7195076796875 0.8224803578125 0.7185187359375 0.8209424500000001 0.716969203125 0.818392546875 0.716841375 0.8158506125 0.718186378125
1 0.770913975 0.6431002718750001 0.7690413890625 0.6425155874999999 0.7668341296875 0.6428957468750001 0.765560421875 0.645025209375 0.767232946875 0.647504828125 0.767530271875 0.6474890578125 0.770781396875 0.645296146875 0.770921940625 0.6445731078125 0.770913975 0.6431002718750001
1 0.792403315625 0.656358890625 0.79205270625 0.65437806875 0.7896701421875 0.653767815625 0.7872915593750001 0.6538939781249999 0.78525960625 0.65526455 0.7851425796875 0.65729171875 0.7866229031249999 0.6594863875 0.786642128125 0.6595057578125 0.788456278125 0.65976030625 0.7920686421875 0.6573237359374999 0.792403315625 0.656358890625
1 0.7927029703125 0.666984646875 0.7898183921874999 0.6678216625 0.7886430453125 0.6704622062500001 0.788927915625 0.6712863265625 0.7903563078125 0.6734040046875001 0.7906132390625 0.6733831421875001 0.7944110609374999 0.6708214781249999 0.794240878125 0.668534178125 0.7927029703125 0.666984646875
1 0.9486995671875 0.7908009015624999 0.9465143796875 0.79117725625 0.9438011234375001 0.79226826875 0.9432405421875 0.793884384375 0.9451464906249999 0.796710071875 0.945672640625 0.7968448359375 0.950246796875 0.7937595281250001 0.949775465625 0.7923959859374999 0.9486995671875 0.7908009015624999
1 0.8455817781249999 0.72111859375 0.8498742796875 0.7182232640625 0.849908046875 0.7181820109375 0.8495574375 0.7162011875000001 0.8468481656250001 0.718028615625 0.8446938796874999 0.7160633421875 0.8426705828125 0.7174280734375 0.8426713234375001 0.717433734375 0.8449406156249999 0.7207980984375 0.8455054796875 0.7211515796875 0.8455817781249999 0.72111859375
1 0.808396175 0.6690750828125 0.8073682468750001 0.6675511171874999 0.806013609375 0.66846483125 0.8053254328125 0.67044879375 0.8072041562500001 0.673234115625 0.807755309375 0.6731289625 0.8106169796874999 0.6711987421875001 0.8106114015625 0.6701677578125 0.808396175 0.6690750828125