23 1 0.239214909375 0.992015040625 0.2343854546875 0.9865168078125001 0.2355395515625 0.9808130593750001 0.23159877031249998 0.972285209375 0.2448893703125 0.9716504109375 0.24889732968749997 0.97285021875 0.24991190625 0.98883420625 0.25446845156250003 1 0.2560714359375 1 0.239214909375
20 0.856229740625 0.6500215390624999 0.8768315921875001 0.5918616671875 0.8443482921875001 0.573217284375 0.8326938734375 0.5652966140625 0.806438834375 0.5408889218749999 0.7962061609375 0.576729434375 0.781256175 0.602001528125 0.7808069890625 0.604837584375 0.8314608453125001 0.6433986234375 0.8465538 0.6592991953125 0.8478133734375 0.6594986921875 0.856229740625 0.6500215390624999
19 0.9068600109375 0.5528918640625 0.895977025 0.5353062171875 0.8881859343749999 0.5205726937499999 0.882969903125 0.52953371875 0.8718241624999999 0.5395763828125 0.8714908421875001 0.5416808828125 0.8800417578124999 0.5586107250000001 0.8966546875000001 0.5612419546875 0.89673620625 0.5512884109375 0.9068600109375 0.5528918640625
23 0.725838990625 0.6660293484375 0.72586659375 0.6626588375 0.7082523140625 0.6699936609375 0.7193607453124999 0.6781653421875 0.7712959671874999 0.6980027828125001 0.775402915625 0.698653259375 0.7827522250000001 0.6662688203125 0.7888470421875 0.6405725640625 0.76351068125 0.6247475859375 0.7370133328125 0.6178509109375 0.704419453125 0.60769550625 0.7043493562500001 0.6081380890625 0.7286302703125 0.6452096765625 0.73005659375 0.6521853515625 0.7321025296875 0.6680338609375001 0.725838990625 0.6660293484375
23 0.6062080578125 0.701912984375 0.6284051578125001 0.6988898234375001 0.6608869078125 0.6935722859375 0.687783 0.68197025625 0.7089339390625 0.6714832125 0.7264055875000001 0.6634508203125 0.7273135265625 0.6673069968750001 0.7322519671875 0.66808916875 0.7292704890625 0.6517549953125 0.7283380078125 0.6448575375 0.710801928125 0.6245307 0.6916754140625 0.5870775421875 0.6839625578125 0.5990179921875 0.6729308125 0.5935583656250001 0.6436145796875 0.6108518734375 0.647482521875 0.621589146875 0.63201998125 0.61374030625 0.59079473125 0.6119357062499999 0.5817736421874999 0.6145567671875 0.56897376875 0.6238564203125 0.5686722109375 0.6257603828125 0.5811847328125 0.6502372609375 0.5952915078125 0.666646065625 0.604200678125 0.701595046875 0.6062080578125 0.701912984375
23 0.5211918296875 0.7303701203124999 0.55193464375 0.7407762234375 0.5631451546874999 0.74255179375 0.5736159984375 0.7413732000000001 0.57902219375 0.7152303859375 0.582647790625 0.6891430453125 0.584819459375 0.6594505374999999 0.58041933125 0.647279021875 0.5699918453125 0.6284155625000001 0.5636960906249999 0.612231434375 0.5556872296875001 0.6180502125 0.5381618890625 0.6024499109375 0.526297375 0.6262198765625 0.5081923140625 0.6270646875 0.5006802296874999 0.6255519046875 0.4988541421875 0.6370813625 0.4999718125 0.640612175 0.4997018984375 0.66149370625 0.5199909500000001 0.7139804765625 0.5211918296875 0.7303701203124999
23 0.507887109375 0.922445234375 0.5157242171875 0.949673115625 0.5470326921875001 0.924595425 0.584824025 0.90493186875 0.6237103984375 0.8783544921875001 0.6319937828125 0.8692043125 0.64188446875 0.8690834000000001 0.6530128281249999 0.8627462375 0.67052588125 0.84965808125 0.6530649390625001 0.8080813750000001 0.643569934375 0.7961153750000001 0.64220955625 0.7871252140625 0.6352604578125 0.7782623531249999 0.602484253125 0.8014201359375001 0.58136091875 0.8085366671875001 0.5528514 0.8239330171875 0.5382385281250001 0.8330931703125 0.5167670453125 0.8344172593750001 0.5007133765625 0.8450832046875 0.50043276875 0.8468548874999999 0.5018781328124999 0.8772825281250001 0.5067107703125 0.909096875 0.51794341875 0.9021012531249999 0.507887109375 0.922445234375
28 0.320548778125 0.1361775515625 0.3260960921875 0.14110602187500002 0.340939021875 0.1400820265625 0.3496257640625 0.1299832671875 0.3572420046875 0.12983960625 0.3415417328125 0.10271627812499999 0.3248338421875 0.08994535625 0.313041403125 0.0988772453125 0.28655405156249997 0.1096964578125 0.28648402812499996 0.11013857499999999 0.29583509218750004 0.122813615625 0.31281325 0.141301365625 0.31492258125 0.14163545 0.320548778125 0.1361775515625
19 0.45236395937499996 0.4677552609375 0.45349734374999995 0.46219746875 0.4425729515625 0.44966758906250004 0.4340272921875 0.436501996875 0.4201210515625 0.4549843828125 0.41987521250000004 0.456536553125 0.4299461953125 0.46386715 0.4385334078125 0.4681169734375 0.443753278125 0.46894372031250003 0.45236395937499996 0.4677552609375
19 0.3457882875 0.5451506015625001 0.3516106046875 0.5476863828125 0.3543825109375 0.548125409375 0.35469128437499997 0.5448732578125 0.362453221875 0.5390153718749999 0.354774096875 0.534761721875 0.3457882875 0.5451506015625001
19 0.296147621875 0.4922019546875 0.288867396875 0.504607109375 0.2886065390625 0.5062540984375 0.29185026875000003 0.50974569375 0.302165521875 0.5005517187499999 0.302249821875 0.5000194640625 0.296147621875 0.4922019546875
28 0.23475086250000002 0.4741248265625 0.2274357953125 0.472966234375 0.2270935953125 0.4751268015625 0.23310370468750002 0.4941132453125 0.233809196875 0.494224984375 0.23945312031250002 0.4795944296875 0.23475086250000002 0.4741248265625
19 0.12153058750000001 0.48679847499999995 0.094093815625 0.5058094984375 0.0939573625 0.5066710249999999 0.110724271875 0.5174436203125 0.11465732656250001 0.5180665546875 0.1402583234375 0.488414703125 0.12153058750000001 0.48679847499999995
26 0.5045903796875 0.17856275 0.4911535359375 0.1962788796875 0.490843275 0.19823779531250002 0.49229307968749997 0.1997857359375 0.49308683281250004 0.1999114546875 0.505745240625 0.1824580359375 0.5045903796875 0.17856275
13 0.4937165265625 0.203069678125 0.49464439374999997 0.192417009375 0.489044934375 0.1878177703125 0.48612498125 0.1880750953125 0.48417825312499996 0.2003662484375 0.4846570953125 0.2043347109375 0.4871733546875 0.205302759375 0.49121799375 0.20594336562499999 0.4937165265625 0.203069678125
28 0.780139021875 0.5934109421875 0.789727915625 0.5888654296875 0.792759990625 0.5809084546875 0.786315475 0.5768503484374999 0.7803157234375 0.56678789375 0.7605298515625 0.5730510625 0.760182409375 0.5752447187499999 0.7666215296875001 0.5845307609375 0.7750168796875 0.585860453125 0.7786822140625 0.59318020625 0.780139021875 0.5934109421875
23 0.8833179687499999 0.7055257546875 0.89438344375 0.694791284375 0.8932178437499999 0.6861694625 0.8944938609375 0.6813092375 0.8896934390625001 0.66367450625 0.8764915406249999 0.6575336703125 0.8622222031250001 0.6549361421875 0.8554203499999999 0.6643209734375 0.8580506187499999 0.681274496875 0.8482795609375 0.708207559375 0.8474817640625 0.7132446546875 0.8520901500000001 0.720291184375 0.855425853125 0.7208195078124999 0.8756051125000001 0.7174662046875 0.8833179687499999 0.7055257546875
23 0.7745859 0.7092391124999999 0.7711673328125 0.71004761875 0.75142736875 0.7052336734375 0.7321166046875 0.7025042 0.731150621875 0.708603175 0.7306797859375 0.7147721375 0.756291603125 0.7367577203125 0.757549971875 0.7369570265625 0.7745859 0.7092391124999999
23 0.2801169609375 0.9525915328125001 0.2847379203125 0.9377989578125 0.280636859375 0.9253373187499999 0.266888971875 0.9194474953125 0.264527103125 0.9119861578125 0.2561210140625 0.9059299265625 0.252076709375 0.9106891859375 0.25384044375000003 0.9187307656250001 0.2508191078125 0.9314142796875 0.2447580203125 0.9409164375 0.23727060937500002 0.94344291875 0.23285055312499997 0.9457802484375 0.220271328125 0.9421004500000001 0.2135246828125 0.9447442593750001 0.2012345609375 0.948028765625 0.20003001562499997 0.9556339671874999 0.2000283296875 0.9564436734375 0.2476230078125 0.964677996875 0.26945279218749996 0.9681354953125 0.2801169609375 0.9525915328125001
23 0.1026172671875 0.6219938421875 0.1096798453125 0.6109628625 0.10404510625 0.598595803125 0.07896640625 0.587536471875 0.06825214375000001 0.5976515906250001 0.052040653125 0.59153496875 0.048897098437499995 0.611382590625 0.051703421875 0.631489821875 0.058720843749999994 0.6326012734375001 0.0796335859375 0.6328655828125 0.1026172671875 0.6219938421875
27 0.34262365781250004 0.4608362453125 0.37786728593749996 0.437499753125 0.37364051875 0.4246174375 0.3726710734375 0.42446389218749997 0.341021515625 0.44500057656249997 0.33931395000000003 0.45578172656250004 0.34132591093750003 0.460630703125 0.34262365781250004 0.4608362453125
27 0.3487092546875 0.3684951203125 0.3465805078125 0.36275814375 0.3435024140625 0.3582207625 0.32012611406249997 0.374767621875 0.31339914375 0.38343660625 0.31412414843750003 0.38355143593749996 0.332055059375 0.3793568890625 0.3483273765625 0.37889677499999996 0.35229499531249997 0.3714254640625 0.3487092546875 0.3684951203125
27 0.3126130828125 0.4853285140625 0.3142817171875 0.47479317187500003 0.3064492203125 0.46511541718749994 0.2968192578125 0.46359018125 0.2901508484375 0.4929079625 0.287227940625 0.49498180625000004 0.286839896875 0.49743182187499996 0.28945191875 0.5014559484375 0.2896144015625 0.5014816828125 0.29593434531249996 0.4931490015625 0.3126130828125 0.4853285140625
28 0.6748246171875001 0.4449626609375 0.67411145625 0.4414748234375 0.666992121875 0.43528490625 0.6565570828125 0.4504290453125 0.6558044109375001 0.455181234375 0.656487690625 0.45676021406249995 0.659153678125 0.457182465625 0.6681132515625 0.455374290625 0.6748246171875001 0.4449626609375
16 0.547758521875 0.5003082062499999 0.54345953125 0.5152653578125 0.5416887890625001 0.5264453859375 0.5711380140625 0.5413247125 0.5726926203125 0.5415709390625 0.582519328125 0.5125635453124999 0.547758521875 0.5003082062499999
23 0.5827117937499999 0.6143467734375 0.5905157937500001 0.6109001546874999 0.5893149140625 0.5945105125000001 0.595438884375 0.5894056625 0.6055089953125 0.5673764265625 0.6025275171875 0.5510422515625 0.5959265671875 0.547971834375 0.590379253125 0.543043365625 0.5746007796875 0.543581696875 0.5686025765625 0.5574811625 0.56656994375 0.5591279078125 0.5653404515625 0.5668906203125 0.56587418125 0.58269814375 0.5811910250000001 0.5962612093749999 0.5820605359375 0.6142436250000001 0.5827117937499999 0.6143467734375
23 0.6421019718750001 0.580449275 0.634162121875 0.5778417734375 0.6186029671875 0.5817897249999999 0.615035946875 0.59272468125 0.6134537859375 0.6027140515625 0.6132421765625 0.6081084734375 0.6333489984375 0.61129308125 0.6508286046875 0.5956684640625001 0.6421019718750001 0.580449275
23 0.5552482859375 0.5778723078125 0.552943175 0.5876318656249999 0.5503666 0.59431103125 0.5511533859375 0.606922715625 0.5479019921875 0.611470071875 0.55541088125 0.618396665625 0.5636666625 0.612616996875 0.5677962578125 0.623058221875 0.56989135625 0.623390053125 0.5809512078125 0.6153546000000001 0.5800248546875 0.595633553125 0.5579506265624999 0.5799877578125 0.5552482859375 0.5778723078125
23 0.6074457640625 0.6008941453125 0.5964416234375001 0.5920640046875 0.5893853250000001 0.5948650109375 0.5892692296875001 0.5955980046875 0.5915722078125001 0.6078402421875 0.613259015625 0.6112750953125 0.613393371875 0.611285828125 0.6074457640625 0.6008941453125
19 0.4064796609375 0.6892628359375 0.41028833125 0.6884633828125 0.41288177031249995 0.6736871671875 0.4048851640625 0.6538587687499999 0.3779431359375 0.6613560078125 0.3766002859375 0.6698344296875 0.3767375953125 0.67336230625 0.3909900671875 0.684056884375 0.3991240828125 0.6880978265625 0.4064796609375 0.6892628359375
27 0.3758219203125 0.8944894203124999 0.375982240625 0.8934771953125 0.35932329531249996 0.8742045609375 0.33842540625 0.8719071265625 0.3310496375 0.88751245625 0.3304318390625 0.8914130828125 0.34312615 0.907750440625 0.3579973046875 0.917298521875 0.362931171875 0.9180799687500001 0.3758219203125 0.8944894203124999
27 0.658855159375 0.5290096625 0.651718959375 0.53091679375 0.647125603125 0.542338859375 0.6324834578125 0.5424946875 0.6313764671875 0.5494839546875 0.6316254421874999 0.5572328875 0.633887753125 0.5575912015625 0.6526974578125 0.5503086109375 0.658855159375 0.5290096625
28 0.6324900999999999 0.53765840625 0.632133234375 0.53991156875 0.6398997078125 0.5411416578125 0.6474480578125 0.5407024890625001 0.6500712562500001 0.534368196875 0.649424415625 0.5331327515625001 0.6507270546874999 0.5327846218750001 0.6489142390625 0.5186604765625 0.64788773125 0.51984785 0.6476017953125 0.5181573046875 0.63841468125 0.5146350921875 0.6341123375 0.5222221328125001 0.6338601296874999 0.5238145125 0.638649153125 0.530534184375 0.633516609375 0.5364710359375 0.6337927390625 0.5373102796875 0.6324900999999999 0.53765840625
19 0.36676351406249996 0.518193715625 0.35380114375 0.5274676328125001 0.361564209375 0.52869718125 0.36867294375 0.5205210703125001 0.38526886718750003 0.52281211875 0.380048225 0.5142230171875 0.36676351406249996 0.518193715625
26 0.108833153125 0.5134015890625 0.124446346875 0.5038615 0.1256510171875 0.5097253171875 0.12666102968749998 0.5084978359375001 0.126865859375 0.5089802625 0.1276710390625 0.507270353125 0.128080703125 0.5082352078125 0.1583466328125 0.48967329375 0.15837732499999999 0.489479509375 0.1556727375 0.4847813140625 0.1520696921875 0.4869828734375 0.151978921875 0.4872336671875 0.1508686765625 0.487716728125 0.15074765 0.4880511171875 0.14966766250000002 0.48845058124999996 0.14951637812500002 0.4888685703125 0.148466646875 0.489184434375 0.14828510625 0.48968601874999995 0.14726563125 0.4899182875 0.147053834375 0.49050347031249997 0.1460646171875 0.49065214062500007 0.1458225625 0.49132092031249996 0.1448636015625 0.4913859953125 0.144591290625 0.49213837343750005 0.1436625875 0.492119846875 0.14336001874999998 0.49295582343750005 0.142461571875 0.49285370000000006 0.1421287484375 0.49377327343750005 0.1412605578125 0.49358755312499997 0.140897475 0.494590725 0.1400595421875 0.49432140625 0.139666203125 0.495408175 0.1388585265625 0.4950552609375 0.1384349328125 0.4962256265625 0.1376575125 0.49578911249999996 0.137203659375 0.4970430765625 0.136456496875 0.496522965625 0.1359723890625 0.49786052812500003 0.13525548125 0.4972568203125 0.13474111718749998 0.49867797812500003 0.1340544671875 0.4979906734375 0.1038889078125 0.5163469421875 0.098258178125 0.519469584375 0.098058903125 0.520727753125 0.099796771875 0.5220407812500001 0.1030165796875 0.5225507484375 0.1102590359375 0.51741211875 0.108833153125 0.5134015890625
28 0.7409498328125 0.8149348125 0.735871821875 0.8070432796875 0.721992040625 0.8051824249999999 0.7177660046875001 0.823074946875 0.7174976109375 0.8247695109375 0.73034915 0.832313375 0.7341294515625 0.832912115625 0.7419068546875 0.8248735515625001 0.7409498328125 0.8149348125
28 0.2670644578125 0.881982440625 0.26044183906249996 0.8698596843749999 0.25300430937499996 0.8708726484374999 0.2528507125 0.871842415625 0.26126084375 0.8893211578125 0.26198857656249996 0.8894364187500001 0.266802190625 0.8836383359375001 0.2670644578125 0.881982440625