23 0.163118646875 0 0.16063075 0.00590215625 0.163033946875 0.013968735937499999 0.1695446734375 0.0118688234375 0.1743345375 0.01958403125 0.1761193640625 0.0203051484375 0.18170374218750002 0.0191466140625 0.1825191515625 0 0.163118646875 0
4 0.2567644046875 0.1646291453125 0.25996866875 0.1753845828125 0.26139782500000003 0.187196734375 0.2710071375 0.1934443578125 0.27682845624999997 0.196387625 0.28203364531249997 0.200855865625 0.28753002968749997 0.1958441859375 0.2929849125 0.18234287656249998 0.2936199625 0.1795197578125 0.29829046875 0.1692111609375 0.30331380937499997 0.156777959375 0.29736011875 0.1402310421875 0.2972629203125 0.122452715625 0.2972041015625 0.115924628125 0.2903908 0.100754534375 0.2740858234375 0.0923929921875 0.26277218125 0.1043784375 0.252597078125 0.12155429843750001 0.2487009046875 0.1365365984375 0.2523543015625 0.1575256296875 0.2567644046875 0.1646291453125
4 0.332214096875 0.0777393609375 0.32634591875 0.0789162765625 0.3189872671875 0.082447509375 0.3140138734375 0.0780729203125 0.306071490625 0.0890552375 0.3043552015625 0.0966400375 0.3004266296875 0.1056962265625 0.2977158578125 0.121748759375 0.29781305625 0.1395270875 0.3049374109375 0.15659676250000001 0.3077573421875 0.1689708234375 0.31263407499999996 0.1816289359375 0.322919146875 0.1857843734375 0.32329963125 0.18589375156250001 0.331142315625 0.1778276640625 0.338932159375 0.168557625 0.34355611875 0.1597823921875 0.3466103453125 0.15155554843750002 0.3496526125 0.1326804375 0.3444618828125 0.11816590625000001 0.33986684375 0.1068485578125 0.337610203125 0.09174556874999999 0.332214096875 0.0777393609375
23 0.274271046875 0.09285217500000001 0.29041674687499996 0.101107415625 0.2913006984375 0.098919559375 0.29306098125 0.0903916671875 0.29039956718750004 0.0816294609375 0.2853469140625 0.07544894375 0.27067647031250003 0.0783912296875 0.2632649796875 0.080718509375 0.25594470625 0.0954999859375 0.2525600078125 0.1135419625 0.25292884375 0.11369098281250001 0.2620302203125 0.1044630140625 0.274271046875 0.09285217500000001
19 0.26383903750000004 0.2503104046875 0.2635642296875 0.25099057812500003 0.2661731796875 0.2656553578125 0.2668275578125 0.26591974375 0.2754240359375 0.2621790625 0.27985505625 0.2523797921875 0.2872386921875 0.2341046515625 0.2729969171875 0.23281595 0.26383903750000004 0.2503104046875
6 0.31515101562500003 0.4361369875 0.319552025 0.429415146875 0.3240189625 0.4183590890625 0.32511476093749997 0.4141453171875 0.33175410625 0.3890365953125 0.3225086875 0.3858925046875 0.31193131093750004 0.38871459062499997 0.307022715625 0.396192221875 0.3051070296875 0.40960947968749994 0.30097308125 0.41917399375000003 0.3024226765625 0.42626398906249996 0.30058026875 0.43616304218749996 0.31515101562500003 0.4361369875
28 0.455815334375 0.39346772812499997 0.45178956406250004 0.3847455875 0.44336315156249995 0.4002627578125 0.4317180140625 0.41507078125 0.43112263593750005 0.4418379484375 0.4316078359375 0.4420339828125 0.44475740625000004 0.4268433609375 0.4575091734375 0.4091294921875 0.4581780765625 0.40747389843750004 0.455815334375 0.39346772812499997
25 0.6454321234375 0.2597517828125 0.63374860625 0.26330956250000004 0.6256621671875 0.2606337296875 0.62455421875 0.2626252109375 0.622647153125 0.2673453671875 0.6224818234375 0.27117482656249997 0.6347201499999999 0.28025854687499996 0.6357854109375001 0.288967165625 0.640954640625 0.2957417390625 0.6547586734374999 0.30131892968749996 0.6603089234375 0.30301442343749996 0.67276920625 0.3085956578125 0.6738094 0.3090159234375 0.680953225 0.301303128125 0.6953270125000001 0.2834953953125 0.6970004640624999 0.2793534578125 0.6956082296874999 0.2616938859375 0.690945890625 0.259218875 0.68786774375 0.24614918593750001 0.6786931046875 0.2601814484375 0.6785201265625 0.26661588125 0.6733677765625 0.26335159375 0.663752484375 0.2517798390625 0.6645595296875 0.25979283125 0.6559566593749999 0.25572574375 0.6454321234375 0.2597517828125
23 0.5952518062500001 0.35433802187499996 0.58813343125 0.34259248124999997 0.5835767703125 0.342525375 0.581874940625 0.3400638859375 0.5761064609375001 0.3383245703125 0.5746015265625 0.35072518124999996 0.5680354609375 0.3723156984375 0.5692916390625 0.39056228437499996 0.5748343031250001 0.3975320828125 0.5780291078124999 0.37694469375 0.5815469265625001 0.3689051546875 0.578716015625 0.39259607343749997 0.5748522421875 0.41350448437500004 0.5782354640625 0.42314961875 0.5833707484375 0.4258304953125 0.5928627921875 0.42966552968749994 0.597706325 0.4310163578125 0.6047803421875 0.42618752187500003 0.6112177890625 0.4276058171875 0.6190857859375 0.42214654375 0.6198849671875 0.42016849843750004 0.6201342140625 0.412877925 0.6149230453125 0.40308555 0.6107507171875 0.40139982031250004 0.6074467546875 0.3935606109375 0.602300384375 0.3956204578125 0.5965907234375 0.400409228125 0.592028084375 0.39501798906249996 0.592811209375 0.38173445 0.5920186234375 0.3636751640625 0.5952518062500001 0.35433802187499996
23 0.8617502968749999 0.24664345000000001 0.8575251296875 0.2437537671875 0.8523319 0.24993379375 0.8398856968749999 0.26205295781250004 0.839070171875 0.26941038906250003 0.8454488 0.26430059687499996 0.850284115625 0.26034117343749996 0.8445335765624999 0.2745742578125 0.8439029874999999 0.28614552187500003 0.8387481375 0.303575790625 0.8324283265625001 0.3152136703125 0.8290485859375 0.3315872234375 0.8328101609375 0.3342896015625 0.8280336640625 0.3447771125 0.8321122734375 0.35470320625 0.8373215125 0.359912209375 0.8429972937500001 0.362205375 0.8533462828125 0.3508649625 0.8584013140625 0.347029090625 0.8642152781249999 0.332639021875 0.8615085 0.32932802968749997 0.85851559375 0.32338840156250004 0.8549858140625 0.320779675 0.8611206875 0.3049279640625 0.8641629546875 0.286052853125 0.866204759375 0.27032134218750004 0.8628010984375001 0.2653983625 0.856105434375 0.263284440625 0.853860753125 0.25882971875 0.8617502968749999 0.24664345000000001
28 0.4711508390625 0.1689820046875 0.4562545796875 0.17715476875 0.43716555156250003 0.1883639640625 0.4022228640625 0.22793641875 0.40305194375 0.22827138906250002 0.4318437046875 0.21755280156249998 0.447461771875 0.210262965625 0.4711508390625 0.1689820046875
28 0.40378106249999995 0.314511709375 0.40402291718749994 0.314609425 0.4189968015625 0.307828015625 0.41976120000000006 0.30652001093750003 0.42482693749999995 0.2939818703125 0.41053700937500004 0.27070582656250003 0.40021534843750006 0.294918096875 0.40378106249999995 0.314511709375
28 0.2385620953125 0 0.23562668750000001 0.0032226171875 0.231029146875 0.012599828125 0.21815425156249998 0.009763240624999999 0.21273281875 0.0180930859375 0.21193270625 0.0200734328125 0.215408934375 0.029438323437500004 0.216376153125 0.029829104687500003 0.2253050265625 0.027434890625000003 0.231695615625 0.032973364062499996 0.2380273859375 0.031983753125 0.24764517812500003 0.022860949999999998 0.25001597656249996 0.0250014203125 0.26177875156249997 0.023249568749999998 0.2649940515625 0.0180443125 0.2661533046875 0.015175059375 0.2612972203125 0.0070898640624999995 0.25475409375 0.0032636671875000004 0.2559824625 0 0.2385620953125 0