12 0.36956081093750004 0.7665816125 0.3756233578125 0.7652273140625 0.39419905 0.7703107390625 0.39446417500000003 0.7700882734375 0.3977282078125 0.7646173640625 0.396217821875 0.7628173546875 0.3801337265625 0.7534438453125001 0.37482643125 0.7461655953124999 0.34848267499999996 0.7357420968749999 0.34022423125 0.7373392109375 0.33868125 0.7450329796874999 0.3418036765625 0.7538779265625 0.3420372484375 0.7541562875000001 0.36956081093750004 0.7665816125
28 0.2076887109375 0.56244529375 0.20565873125 0.5603358703125 0.1965567921875 0.559974484375 0.189309128125 0.56658925 0.1979021546875 0.571110446875 0.2036592875 0.56712618125 0.20832873749999997 0.5632080484374999 0.2076887109375 0.56244529375
4 0.3605955328125 0.4408202390625 0.355193221875 0.44022074375000003 0.340181103125 0.4505310765625 0.3376606453125 0.45264599375000003 0.337288996875 0.4584437 0.3365175078125 0.462290584375 0.3406746109375 0.46200188593749997 0.347994278125 0.4611925046875 0.36042816875 0.4518990625 0.36526948593749997 0.44783671406250003 0.36279461875 0.44344100624999994 0.3605955328125 0.4408202390625
6 0.3701835234375 0.5229549828125 0.38038641093750003 0.5187797625 0.38427485 0.5155169749999999 0.3793877921875 0.5072328640625 0.370739003125 0.5016919484375 0.3682410046875 0.5053877828125 0.35999879687499997 0.5117705609375001 0.34930975625 0.5138074203125 0.349230709375 0.5213393140625 0.36192507812499997 0.524552096875 0.3701835234375 0.5229549828125
4 0.7943314140625 0.2041728046875 0.790100646875 0.2035444828125 0.785481571875 0.207420346875 0.78497025 0.22476023281250002 0.788992546875 0.2309837109375 0.7928028890625 0.23187251562500003 0.7945816812500001 0.23037993281250002 0.795965990625 0.22833182187499998 0.7999558046875 0.2249839703125 0.8002734890625 0.21125429375000002 0.7943314140625 0.2041728046875
1 0.788852325 0.22819513281249998 0.793174628125 0.23156058906250002 0.7935986515625 0.2312047921875 0.79465229375 0.22652790781249998 0.7906183578125 0.224580234375 0.788852325 0.22819513281249998
4 0.8327826546875 0.31636808437499997 0.8446451703125 0.3133465625 0.865004496875 0.299789203125 0.8658259375 0.2990999328125 0.8642970812499999 0.29727791406250004 0.8579345406250001 0.2915303625 0.8290183390625 0.3013960640625 0.8242965578125 0.3048248546875 0.8170210125 0.3109297609375 0.8120366546875 0.314045625 0.8172045421874999 0.3187745796875 0.8327826546875 0.31636808437499997
28 0.5273587 0.6177825484375 0.5310211703125 0.6147093703125 0.5329108359375 0.583381478125 0.5264184234375 0.58136369375 0.51981908125 0.58636794375 0.5121299125000001 0.5938864328125 0.509281090625 0.5866782953125 0.49983752812500004 0.5935358749999999 0.516128921875 0.608661521875 0.5273587 0.6177825484375
23 0.71367050625 0.78896003125 0.7079541796875 0.7921568328124999 0.7005089015625 0.81760133125 0.69945155 0.8296868999999999 0.695371046875 0.84484245 0.6928984828125 0.8714468906249999 0.700166984375 0.8786792578125 0.7076144171875 0.884694978125 0.71647001875 0.8895291000000001 0.7325570453125 0.8829627921875 0.7492923921875 0.87478596875 0.76934135 0.8643619515625 0.782237934375 0.8578064718749999 0.789223021875 0.850878778125 0.8033047203124999 0.8390628281250001 0.8138543531250001 0.8344766734375 0.8341472 0.8419786625000001 0.8572033484375 0.850934746875 0.8599026953125 0.8486697265625001 0.8630073921875001 0.8426750796875 0.8624160453125 0.8419703406249999 0.85352455625 0.8417167734375001 0.8502737515625001 0.8316464078125 0.8247851328125 0.8189056046875001 0.797899984375 0.8030705906250001 0.7559735203125 0.7859921171875001 0.74624654375 0.7786896390625 0.73340816875 0.763866090625 0.71367050625 0.78896003125
28 0.7917726609375 0.7548998953125 0.7677637374999999 0.7194448390625 0.759513246875 0.7096122859375 0.735476175 0.7374944671875 0.7913630734375 0.75524358125 0.7917726609375 0.7548998953125
28 0.2961322421875 0.5201276421875 0.2946394796875 0.515358440625 0.29368452343749996 0.5142203671875001 0.2770114078125 0.53288574375 0.29036070468749997 0.5249705375 0.2961322421875 0.5201276421875