0 0.37612693125 0.6727678734375 0.4224728296875 0.6928333671875 0.4233804859375 0.685605171875 0.4291834546875 0.6832276046875 0.43033013281250004 0.6815275859375001 0.43742986562499997 0.66281526875 0.42977195625000003 0.651618853125 0.38680364375 0.6280643421875001 0.3744979625 0.6266998078125 0.3653759546875 0.6392433140625 0.3577572953125 0.6524992875 0.3695415734375 0.66832599375 0.37612693125 0.6727678734375
3 0.36989616875000003 0.5611363859375 0.3701153359375 0.558758696875 0.34794871875 0.5426009078125 0.346968665625 0.5456715890625 0.36989616875000003 0.5611363859375
3 0.47679096249999997 0.714242909375 0.498949959375 0.722299 0.499075359375 0.7221130859375 0.49857055624999996 0.716268140625 0.474307653125 0.707139915625 0.47679096249999997 0.714242909375
3 0.28312665937500003 0.7136977546875001 0.3105931046875 0.7305115671875 0.3136612203125 0.7259629000000001 0.28395451718750003 0.70826275625 0.2825310546875 0.7132960140625 0.28312665937500003 0.7136977546875001
23 0.4204727328125 0.5208421390625 0.4235896109375 0.5276185953125 0.42716892656249994 0.5300328734375 0.43064769687500004 0.53222855625 0.42994733125 0.525423509375 0.4204727328125 0.5208421390625
1 0.41961449531249995 0.3984341609375 0.4151095515625 0.393323428125 0.40965535781250006 0.389644528125 0.40269850468749996 0.389173834375 0.4055660875 0.394726696875 0.40623804999999996 0.3952930234375 0.415052821875 0.40123866250000007 0.41740105468750005 0.40171572343750006 0.41961449531249995 0.3984341609375
3 0.556806834375 0.25372464687499996 0.5586091796875 0.25383859375 0.5588305265625 0.25351043125 0.5507852703125 0.2457805359375 0.5538045765625 0.251699596875 0.556806834375 0.25372464687499996
3 0.1922371671875 0.7788941234375 0.19693645937499998 0.785607103125 0.1989917234375 0.7869933953125 0.2070503921875 0.7750459281250001 0.2000665546875 0.7712082703124999 0.1922371671875 0.7788941234375
3 0.1492475703125 0.4198458890625 0.1609133578125 0.427110246875 0.1638979796875 0.42268536250000005 0.141611871875 0.41069994843749996 0.13935805625 0.413175328125 0.1492475703125 0.4198458890625
28 0.4265555140625 0.3154943296875 0.42850118281249994 0.3085350578125 0.4194103671875 0.302403225 0.4170707625 0.31024871875 0.4260214859375 0.3162860578125 0.4265555140625 0.3154943296875
3 0.696882421875 0.473314240625 0.6983535609375 0.47547506093749997 0.7011501765625 0.4773614015625 0.7107050109374999 0.4782143671875 0.7111474609374999 0.477558409375 0.7100620156249999 0.474363571875 0.696882421875 0.473314240625
28 0.629920721875 0.950591153125 0.6251850578125 0.957612065625 0.640479528125 0.9679283156249999 0.6412575078125 0.9667749125 0.6443949984375 0.9585448484375 0.629920721875 0.950591153125