7 0.4392676921875 0.5588992140625 0.44674705625 0.5631642953125 0.454171078125 0.56669503125 0.463959084375 0.5699339859375 0.4729926046875 0.57220724375 0.47732074375 0.5731024484375 0.4796067953125 0.574037934375 0.4837587390625 0.5680725343749999 0.48908759531249996 0.5596324593750001 0.49380540625 0.5543913328125 0.4956690328125 0.5587671921874999 0.49886544062500005 0.558213846875 0.49910940468750004 0.5591896171874999 0.5026277125 0.558384775 0.5035934125 0.5576302890625 0.5063346421875 0.5578213578125 0.50816693125 0.5570702046875 0.5107153 0.5550792015625 0.5124507375 0.5530429406249999 0.5150485265625 0.5490693640625001 0.5171685484374999 0.5478018140625001 0.519877025 0.545296928125 0.5205434140625 0.542832325 0.5205106625 0.54013636875 0.5207998093749999 0.5371889171875 0.5198792906249999 0.5340201812500001 0.518103759375 0.533074621875 0.5157397734375 0.5333664 0.5137530296875 0.5341410296875 0.5138309640625 0.5329137640625 0.51699461875 0.5296644609375 0.5158628890625 0.5282159125 0.513810640625 0.523598628125 0.5111699359374999 0.5202186796875 0.5082073312500001 0.517090228125 0.5044123046875 0.5142233421875 0.49706621875 0.509465340625 0.49262739218749996 0.5071014453125 0.4912291046875 0.5066387375 0.482995253125 0.50140795625 0.47164292812499997 0.49550325781250004 0.46688220312500006 0.4933908578125 0.463708384375 0.49198259218749996 0.460567321875 0.49327028281249996 0.4561059078125 0.4928680015625 0.45258760000000003 0.4936728421875 0.44880273437499996 0.495463525 0.44333043906249997 0.4997389515625 0.4403000625 0.502495334375 0.4390452171875 0.5061972734375 0.43607018281250004 0.5096879984375 0.43025339531249995 0.5161765328125 0.42778888437499996 0.519657190625 0.4259128296875 0.521900509375 0.42545764999999997 0.522644925 0.4238481515625 0.5239024031249999 0.42151691874999997 0.5268901390625 0.4196962078125 0.5298678046874999 0.417875496875 0.5328454703125 0.41592150781250004 0.53631605625 0.41415516406249997 0.5398609421875 0.417537490625 0.544190121875 0.41975945000000003 0.5465364671875 0.42438689687500003 0.5491417875 0.4292583109375 0.5527228765625 0.4392676921875 0.5588992140625
24 0.5100343390625001 0.5458363375 0.512817296875 0.5493983609375 0.5142235328125 0.549655603125 0.515721890625 0.5491847828124999 0.5197778296875 0.5460159359375 0.520284284375 0.5441428390625 0.520628775 0.54192973125 0.5205960234375 0.539233775 0.520186025 0.53605496875 0.5195648171875 0.5345963484375 0.51797790625 0.5338922140625 0.51644634375 0.5339224265625 0.5144596 0.53469705625 0.5129833796875001 0.5354616140624999 0.51073008125 0.537222084375 0.50987506875 0.5394452609375 0.5100964453125 0.5423826453125 0.5099959187499999 0.545571521875 0.5100343390625001 0.5458363375
28 0.291192771875 0.6747435375 0.29647418124999997 0.6815034328125 0.30302060000000003 0.6892189578125001 0.3055626171875 0.6935507921874999 0.307614728125 0.6919475078125 0.310057215625 0.6876092765624999 0.31140015781249997 0.6873376375 0.3121772359375 0.6863417265625 0.3103915421875 0.6807386 0.307562215625 0.677117228125 0.303545815625 0.671312959375 0.3008170140625 0.664502709375 0.29997442812499997 0.6601067078125 0.3000749546875 0.6569178296875 0.29741165937499997 0.65549949375 0.296269765625 0.649393375 0.29496465625 0.6461719593749999 0.2940690984375 0.645025696875 0.29142094375 0.643850675 0.2893461046875 0.6411950015625 0.28727126406250003 0.6385393265625 0.28299846875 0.63837846875 0.2822891640625 0.633489546875 0.275795825 0.6377851156250001 0.27615047656249997 0.640229578125 0.27489563125 0.6439315171875 0.272785771875 0.6498566343750001 0.2717748921875 0.65453434375 0.2707503171875 0.6583236718750001 0.2717405828125 0.6595911531249999 0.275014215625 0.6613345234375 0.28020752656250003 0.6646641171875001 0.28564480625 0.6689694828125 0.291192771875 0.6747435375
3 0.6947512546875 0.1674051171875 0.6851537109375 0.15997391562500002 0.6807578015625 0.16496354375 0.6901604296875 0.17099186093750002 0.6947512546875 0.1674051171875
3 0.7143415296875 0.23630545937499997 0.7148539515625 0.2369613296875 0.720512346875 0.23254050781250002 0.71792168125 0.2231224 0.7178981624999999 0.22309229687499998 0.7123834765625 0.2266250796875 0.7143415296875 0.23630545937499997
3 0.5678190796875 0.006823234374999999 0.5669514203125 0.0057126796875 0.556129703125 0.013500190625 0.557321121875 0.015025137499999999 0.5678190796875 0.006823234374999999
3 0.5500365625 0.036156375000000004 0.5540895734375 0.0413439921875 0.5554334937500001 0.04029400625 0.556827725 0.0388936765625 0.553211159375 0.031610646874999995 0.54897111875 0.034145746875 0.5500365625 0.036156375000000004
3 0.5709205609375 0.045121228125 0.5714046890625 0.045740884375 0.5746691187499999 0.0470767390625 0.580721984375 0.042347721875 0.5792845343749999 0.0393301421875 0.5709205609375 0.045121228125
3 0.5827691140625 0.08833651249999999 0.5757660203125 0.0819108828125 0.575649325 0.08200205625 0.5727246953125 0.085499225 0.5767448609375 0.09064480312499999 0.5781731890625 0.09192724375 0.5827691140625 0.08833651249999999
3 0.6708727984375 0.114192746875 0.6692079546875 0.11471587968750001 0.669451284375 0.1154005484375 0.67071016875 0.11701184687499999 0.6808615359375 0.11480604375 0.6824921359375 0.11353207968750001 0.682526696875 0.110530815625 0.6708727984375 0.114192746875
3 0.503877853125 0.136964925 0.51901126875 0.13004328125 0.5184126484375 0.12662305000000001 0.502223171875 0.134847028125 0.503877853125 0.136964925
3 0.4794982359375 0.060625259375 0.47114705937499995 0.0722301328125 0.47192669687500005 0.07322802187500001 0.47257176718749994 0.07330722656250001 0.47620118749999996 0.0704716125 0.4820282546875 0.0625365171875 0.4794982359375 0.060625259375
3 0.40607414375 0.0951683375 0.4054910515625 0.097324865625 0.4059508171875 0.09791333906250001 0.41376517343749997 0.09545788125 0.41645625624999993 0.093355378125 0.41568595625000004 0.09154668906249999 0.40607414375 0.0951683375
3 0.34019338125 0.1152644875 0.3536528171875 0.1047488234375 0.352973778125 0.10387969374999999 0.3397205421875 0.1134566703125 0.33947897656250003 0.1143500890625 0.34019338125 0.1152644875
3 0.37731159375 0.062470470312500005 0.3770513640625 0.0614296484375 0.3679274828125 0.0670028375 0.369285559375 0.0687410953125 0.37731159375 0.062470470312500005
3 0.323978225 0.0616829390625 0.3237265296875 0.063732828125 0.3245123328125 0.0647386109375 0.3331960796875 0.06124615 0.3338913765625 0.0607029234375 0.33461107968750003 0.058041151562500004 0.323978225 0.0616829390625
3 0.33616738125 0.10752375781250001 0.3385794828125 0.10859403906250001 0.3409486640625 0.1067430328125 0.34737853125 0.0979870625 0.3452257578125 0.0965586546875 0.343027803125 0.099053471875 0.33616738125 0.10752375781250001
3 0.333165346875 0.0727784125 0.3327281890625 0.0752544265625 0.33438248125 0.077371825 0.3363428890625 0.0766331609375 0.3438045265625 0.0708034921875 0.34390889062499996 0.07060531406250001 0.333165346875 0.0727784125
3 0.3172384296875 0.0737136328125 0.3206747109375 0.071028915625 0.32233402031249997 0.068585584375 0.315941203125 0.069692275 0.3121890921875 0.0741789140625 0.3172384296875 0.0737136328125
3 0.28950748593750003 0.22296810625000002 0.2901362265625 0.22377285625 0.294235084375 0.2205704765625 0.2943742359375 0.22030624531249998 0.2920452671875 0.21201723125 0.2878052265625 0.21455233125 0.28950748593750003 0.22296810625000002
3 0.293285953125 0.1821217515625 0.2905980890625 0.18422174062500002 0.2858839734375 0.19295101406249998 0.28651664062500004 0.1937607921875 0.2877494421875 0.19391216093750002 0.29022806874999996 0.1919756453125 0.29495054062500003 0.184252325 0.293285953125 0.1821217515625
3 0.277638784375 0.1684142109375 0.2713008671875 0.1768234109375 0.2720944265625 0.17783911875 0.2754128140625 0.177773659375 0.2757776375 0.177488628125 0.280435359375 0.16933962656249998 0.277638784375 0.1684142109375
3 0.2394814234375 0.23632765781249998 0.2378343171875 0.245656690625 0.2386332859375 0.24667932499999998 0.24218763437500002 0.245099521875 0.2435655953125 0.236247090625 0.24243386406249998 0.2347985421875 0.2394814234375 0.23632765781249998
3 0.2257216578125 0.32409772812500004 0.22270677656250001 0.32527322812500004 0.2244814453125 0.3275447 0.23189886249999997 0.3287581 0.233543028125 0.3274735375 0.23502173437499999 0.32538514375 0.2257216578125 0.32409772812500004
3 0.40346513125000005 0.6377058390625 0.3999784921875 0.6409979015625 0.40306022812500003 0.64494234375 0.41894292968749997 0.6485908859375 0.4197952671875 0.6479249671875 0.42266390156250006 0.643700903125 0.40346513125000005 0.6377058390625
3 0.286657025 0.6726303234375 0.280833565625 0.6771801078124999 0.2835851640625 0.6874411296875 0.28525985625 0.6895846375 0.2913679046875 0.6848125078125 0.286657025 0.6726303234375
3 0.4692946546875 0.5978213109375 0.46900093906249996 0.6024465703125 0.469191484375 0.6026904562500001 0.483812459375 0.5998920953125 0.48592853593749996 0.598238834375 0.4848113515625 0.59114143125 0.4692946546875 0.5978213109375
3 0.3579441015625 0.6336917046874999 0.35660303125000004 0.63623825625 0.3580497609375 0.6380899859375 0.3687564046875 0.6402127125 0.37223955000000003 0.63749138125 0.3681545328125 0.6334902875 0.3579441015625 0.6336917046874999
3 0.3915941 0.67670368125 0.3915738609375 0.6784609578125 0.393052578125 0.680353628125 0.40027095625 0.6790417578125 0.40064190625 0.678751940625 0.40093935625 0.6740678734375 0.3915941 0.67670368125
3 0.2088902046875 0.246678725 0.21248816874999998 0.251283909375 0.213265846875 0.25210512343749997 0.215961759375 0.2499988453125 0.21167061562499997 0.2445064296875 0.2088902046875 0.246678725
3 0.217054871875 0.2565318671875 0.21672221249999998 0.25924115937500003 0.217163115625 0.25980549062499997 0.22387451406249997 0.25769661093749996 0.22663641406249999 0.255538778125 0.22666668437499998 0.25291021874999997 0.217054871875 0.2565318671875
3 0.2799882265625 0.19840127968750002 0.27955910156249997 0.2051589140625 0.280970228125 0.20696507187500002 0.2825837515625 0.20570444999999998 0.28380584375 0.199306553125 0.2819196265625 0.19689230468750002 0.2799882265625 0.19840127968750002
3 0.7099911296875 0.024883634374999998 0.7103353078125 0.025606153124999996 0.7121507921875 0.027929867187500002 0.7197879484375 0.0229253265625 0.723771459375 0.0198130671875 0.722334009375 0.0167954875 0.7099911296875 0.024883634374999998
3 0.7244351734375 0.2260931640625 0.7208534921875 0.23195078906250002 0.7209648984375 0.23209338281249997 0.7362551796875 0.23610358593749997 0.7365081 0.2359059828125 0.7377742421875 0.23122323749999998 0.7244351734375 0.2260931640625
3 0.6241586578125 0.022718834375 0.6220944765625 0.02433155 0.6225935375 0.0249703203125 0.6289514578125 0.026477978125000003 0.629424653125 0.026108278125000002 0.630395603125 0.0240666734375 0.6241586578125 0.022718834375
3 0.5952520953125 0.12105930312499999 0.5884911421875 0.12852064375 0.5898577453125 0.130269815625 0.589938471875 0.13032337968750002 0.590827721875 0.129628621875 0.596383825 0.12250785156249999 0.5952520953125 0.12105930312499999