3 0.412936390625 0 0.4037758484375 0.00388231875 0.40410175312499996 0.007210828125000001 0.405566053125 0.0077448390625 0.4092733703125 0.008134493750000001 0.42345513593749995 0.002533040625 0.42354592343749997 0.0016692593750000002 0.4215345828125 0 0.412936390625 0
3 0.45557334687499995 0.0200201171875 0.455496778125 0.030274943749999998 0.4597698078125 0.0307240578125 0.460254328125 0.026114154687500002 0.4596362015625 0.0199403328125 0.45557334687499995 0.0200201171875
3 0.48093305 0.08284371093750001 0.49923245781250003 0.0992871234375 0.4996233109375 0.099328203125 0.503192996875 0.0959186171875 0.5034513359375 0.0934606890625 0.48600672500000003 0.079575909375 0.48093305 0.08284371093750001
3 0.6840631171875 0.0542222125 0.67749826875 0.0519075515625 0.6769102609375001 0.057502076562500004 0.6787712625 0.06788199843750001 0.685175184375 0.0685550765625 0.685407659375 0.06634321875 0.6840631171875 0.0542222125
3 0.5679612984375 0.12245690468749999 0.568121615625 0.1209315921875 0.5670821578125 0.1167573109375 0.551938653125 0.11617928125000002 0.5418394375 0.1168724234375 0.5418203171875 0.11705434374999998 0.5440370890625 0.121278453125 0.549450821875 0.121847459375 0.551359109375 0.12169326250000001 0.5679612984375 0.12245690468749999
3 1 0.1850803953125 0.9701792640625 0.17270699218750002 0.966847246875 0.178691890625 0.9960117500000001 0.1923495046875 0.9961865234375 0.1923678734375 1 0.1872826671875 1 0.1850803953125
3 0.7844146125 0.18566878125 0.7843166390625 0.187381625 0.790567446875 0.18803861093750002 0.7925394734375 0.18310629843749998 0.7927904546875 0.18071837500000001 0.7848794125 0.18124650312499999 0.7844146125 0.18566878125
3 0.30245903749999997 0.6238807828125 0.3213338796875 0.6351898890625 0.3270757109375 0.6357933796874999 0.3304679953125 0.63312919375 0.330582659375 0.632038246875 0.307848825 0.6176053578125 0.30245903749999997 0.6238807828125
1 0.38844821406249996 0.63438835625 0.39380877187499996 0.6313787734375 0.39749002187500004 0.6232766453125 0.397578675 0.62243315625 0.3938945640625 0.6177039578125 0.3878085578125 0.6145302484374999 0.3800170296875 0.61472494375 0.3756644046875 0.6175617203125 0.3712771578125 0.6239425187500001 0.37218411875 0.63138656875 0.3754584140625 0.6330230734375 0.38844821406249996 0.63438835625
17 0.5199490359375 0.531364925 0.5165379875 0.5381017296875 0.51674745625 0.5410378953125 0.5232528421875 0.5417216390624999 0.526458040625 0.5401579875 0.5295978640625 0.532304846875 0.52961635625 0.5321289078125 0.5199490359375 0.531364925
17 0.5522913796875 0.643753434375 0.5663886109375 0.6452351125 0.5664477171875 0.6450924453125 0.5669848640625 0.6399818359375 0.56321611875 0.6360578609374999 0.564852403125 0.6397775 0.562733671875 0.6438626859375 0.5591893953125 0.6422231484375 0.556188534375 0.6289841218750001 0.548238946875 0.63068263125 0.5556714656249999 0.6403329703125 0.5522913796875 0.643753434375
28 0.153977415625 0.570466815625 0.1515966484375 0.5743977578125 0.15598593593750001 0.5753912390625 0.1600712890625 0.575820628125 0.16766366562499999 0.575833065625 0.16851934531249999 0.574522940625 0.1687210921875 0.5726034484375 0.1566541328125 0.57074815 0.153977415625 0.570466815625
28 0.273112815625 0.5796181734375 0.264947946875 0.5544332 0.257306196875 0.5564174640624999 0.2659369625 0.5803843890625 0.273112815625 0.5796181734375
28 0.3173540703125 0.3692497375 0.3174638796875 0.368204975 0.3144361828125 0.36398115625 0.309492709375 0.35636625624999996 0.29928288593749997 0.3570669921875 0.2981057359375 0.36505220625 0.3026617328125 0.36928144375 0.30526834687500004 0.3695554109375 0.311754459375 0.36699355312500004 0.3173540703125 0.3692497375
3 0.30715843593750003 0.20884233281250003 0.307570403125 0.20821773124999998 0.3080708578125 0.2034562234375 0.286427925 0.1906989984375 0.2828144125 0.1961475015625 0.30715843593750003 0.20884233281250003