14 0.7126884484375 0.4459193359375 0.717158990625 0.4482647453125 0.7248733765625001 0.44924611406250003 0.7336399625000001 0.448939978125 0.7407540906250001 0.44844139531250005 0.7423356421875 0.450887690625 0.752886965625 0.4505192296875 0.7940044625 0.4338240796875 0.7992638875 0.4289125359375 0.7992119734375 0.42742594218749996 0.7975344734375 0.424945475 0.7605975453125 0.4197313796875 0.7457952062500001 0.4199981359375 0.7319246734375 0.4312390578125 0.7189492937499999 0.436695215625 0.697329471875 0.445955378125 0.705061309375 0.44743644375 0.7126884484375 0.4459193359375
3 0.7056490875 0.573054953125 0.7079500875 0.57872810625 0.7098677796875 0.5786611390624999 0.7122352656250001 0.5782526406249999 0.71210746875 0.574593 0.711702290625 0.573594028125 0.7056490875 0.573054953125
3 0.7300764984375 0.5966730859375 0.7361734953125 0.59218256875 0.736142959375 0.5913081015625 0.7324691578125 0.5897853875 0.7300415984375 0.5956736968749999 0.7300764984375 0.5966730859375
3 0.76619051875 0.6783187125000001 0.7598979484374999 0.672253375 0.750009365625 0.671848234375 0.7571036484375 0.6786360328125001 0.76619051875 0.6783187125000001
3 0.8545419875 0.9024030468750001 0.809517259375 0.9012236687499999 0.8107875796874999 0.9061823546875001 0.8516072171875001 0.9067268515625001 0.8565932125 0.9065527375 0.856555128125 0.9054621515625 0.8545419875 0.9024030468750001
3 0.7864941671875 0.8691211453125 0.78652183125 0.8699133734375 0.7937878875 0.8696596375000001 0.7970960390624999 0.859319134375 0.7970060515624999 0.8567421906250001 0.7890473625000001 0.8554414171875001 0.7864941671875 0.8691211453125
3 0.8116504718750001 0.8799800296875 0.806731315625 0.867644190625 0.800754096875 0.86785291875 0.7950228375 0.868678440625 0.80031710625 0.8803757984375 0.8116504718750001 0.8799800296875
3 0.8172458875 0.8660887890625 0.8061375906249999 0.866101471875 0.8025254328125 0.8662276109375 0.8115862093749999 0.8784188203125 0.8176690437499999 0.878206403125 0.8172458875 0.8660887890625
3 0.8050042187500001 0.8843083671875 0.7921946109375 0.89451163125 0.798346390625 0.89764259375 0.8010855031249999 0.8975469421875 0.8079967984374999 0.8914582828125001 0.8090591390625 0.8884975265625 0.8089564390625 0.8855566140625 0.8050042187500001 0.8843083671875
3 0.8379240250000001 0.8196513453125001 0.8378515468750001 0.8175758234374999 0.811917503125 0.8199341312499999 0.819244803125 0.8203036375 0.8379240250000001 0.8196513453125001
3 0.8104967703125 0.7509729546874999 0.80342626875 0.7527207765624999 0.8097063171875 0.7597558921875 0.8129765578124999 0.7611113375 0.8166275453124999 0.7609838421874999 0.8195425515625001 0.7586619453125001 0.8104967703125 0.7509729546874999
3 0.8030236390625 0.7785005328125 0.817465184375 0.7710438390625 0.8174603843750001 0.77090635625 0.8136328781250001 0.7681239546875 0.7957611906250001 0.7747517046875 0.8030236390625 0.7785005328125
3 0.7846677734374999 0.6526582328125 0.7750396187499999 0.6479288703125 0.7657425703125 0.648753834375 0.773501334375 0.6530481734375 0.7846677734374999 0.6526582328125
28 0.6396630046875 0.13499723125000002 0.6319922421874999 0.1352651 0.6296157140624999 0.13900656875 0.6331471765625001 0.1388832484375 0.63758478125 0.1383217859375 0.6421395421875 0.137973409375 0.6420974109375 0.13676692031249998 0.6396630046875 0.13499723125000002
28 0.7943495953124999 0.6707063375 0.8216025578125 0.6656656125 0.8215842515625 0.6651413609375 0.81271684375 0.6625603671875 0.8015841140625 0.6579460828125 0.7877118249999999 0.653427465625 0.7757799171875 0.6573462703125 0.7846250265625 0.6592887640625 0.7837298765625 0.665073528125 0.7849303984375 0.6680334343750001 0.7943495953124999 0.6707063375