4 0.437947865625 0.554062584375 0.43831263125 0.556328365625 0.4400450765625 0.5585120546875 0.44279143281250005 0.5608179015625 0.44446548437500005 0.5612664625 0.4462927203125 0.56198035 0.4467558234375 0.5632164921875 0.4502402421875 0.5612047625 0.44941824218750004 0.5584069859375 0.45107029687500005 0.5539154828124999 0.45121248437499994 0.55171078125 0.44942164531250006 0.5477919640625 0.4482909484375 0.5441995515625 0.44806836875 0.5397290640625 0.448303946875 0.5385848109375 0.44631507968750006 0.5351399906250001 0.44515782968749995 0.5346878625 0.44388494375 0.533300153125 0.43953393125 0.53475090625 0.43528870781249995 0.5372018859375001 0.43408521406249995 0.5400193343749999 0.43470895781249996 0.54355066875 0.43767789218750003 0.5503270015624999 0.437947865625 0.554062584375
4 0.4815498265625 0.5500797171875 0.47963879531250003 0.5533056625 0.48278631406250005 0.554672359375 0.48533208749999995 0.5574477796874999 0.488833375 0.5586102265624999 0.49472724843749993 0.5622827671875 0.5041588078125 0.563912825 0.5068163625000001 0.564624915625 0.5117647015625 0.561767990625 0.512353878125 0.5609502421875 0.5127936953125001 0.5596593296875 0.510688340625 0.5560127500000001 0.503607859375 0.553971628125 0.5010146921875 0.5519311078125 0.4963463078125 0.550381178125 0.49061661875 0.54944399375 0.48772807656249995 0.5493428515625001 0.48570025625 0.5490985390625001 0.4835192515625 0.5485889015625001 0.4815498265625 0.5500797171875
4 0.4902678171875 0.5396691 0.48798102343750005 0.538159234375 0.48545724687499997 0.540323875 0.48511447656250006 0.542998153125 0.48740127187500004 0.54450801875 0.49039560625 0.5456093890625 0.49507498749999995 0.5496293484375 0.4972559921875 0.5501389875 0.5012642328125 0.5513625125 0.5031972609375 0.553076628125 0.5065453640625 0.553973746875 0.51070679375 0.5554626 0.513194171875 0.556502890625 0.5154247078124999 0.556046446875 0.5177109390625 0.554726490625 0.518300115625 0.5539087406250001 0.5198099828125 0.5516219453125 0.5212915390624999 0.5493780265625 0.5192541609375 0.545849184375 0.518008146875 0.545233096875 0.5143062734375 0.544540225 0.51045121875 0.543582025 0.5056770453125 0.5410318671875001 0.5010086625 0.5394819375 0.49776635 0.53958504375 0.49346273281249997 0.5403008953125 0.4902678171875 0.5396691
4 0.43080747812500003 0.2883658203125 0.433083275 0.2874056578125 0.43667935468749997 0.287098303125 0.44330616718750004 0.284687384375 0.448565296875 0.282358559375 0.451051659375 0.2828864734375 0.465467728125 0.2745633515625 0.462456525 0.26934779375 0.460819409375 0.2692695796875 0.4559140453125 0.27139415625 0.45045433125 0.27419255625 0.44124535 0.277032984375 0.434676934375 0.281179028125 0.43007794375 0.2838342578125 0.43080747812500003 0.2883658203125
4 0.47530923124999996 0.30211791250000003 0.4753202296875 0.30458794375 0.47603876562499997 0.30664947656249997 0.47898570156250003 0.308485746875 0.480918728125 0.3101998625 0.4821726734375 0.3118284578125 0.486419665625 0.3093764546875 0.48587148906250005 0.307340384375 0.48524774531250003 0.3038090484375 0.48629805312499996 0.30072627343749997 0.4842592359375 0.29801193125 0.48088574843750004 0.2887681453125 0.479012665625 0.2855238703125 0.47878092656250004 0.28525524999999996 0.47736585312499996 0.28607224375 0.475338034375 0.28582792968750004 0.4726610703125 0.28772724375 0.4708448328125 0.28948338749999997 0.4709142234375 0.2936885453125 0.4739305546875 0.299729975 0.47530923124999996 0.30211791250000003
4 0.4198254265625 0.3146057875 0.42168906249999993 0.3121147453125 0.42071154999999993 0.3087876578125 0.4200294140625 0.30352119375000003 0.4194505546875 0.30110926875 0.41381521406250005 0.291348571875 0.41333661250000003 0.291111928125 0.4107654390625 0.29401147031249997 0.410422671875 0.29668575 0.40835845312499996 0.29964636875 0.40961693906249996 0.3091790703125 0.41071123906249996 0.315976415625 0.415120646875 0.316260790625 0.4198254265625 0.3146057875
18 0.5302041828124999 0.7978932000000001 0.537001984375 0.7769876 0.5298462203125001 0.7743973765625001 0.5256116875 0.775692440625 0.52453424375 0.7763145015624999 0.5147441578125 0.8078803578124999 0.5171841390624999 0.8096555515625001 0.5160500359375 0.8166781562500001 0.519253421875 0.817251996875 0.52060063125 0.8164741859375001 0.5229612234375 0.809857834375 0.5271116546875 0.80887665625 0.5302041828124999 0.7978932000000001
28 0.3996712890625 0.0548305578125 0.40540066875 0.053043903125 0.4108133328125 0.0499189 0.4132202828125 0.048069346875 0.4151622171875 0.04055665 0.41155344843749997 0.034306078125 0.40782576875 0.0313728328125 0.400786796875 0.032252868750000004 0.3963883875 0.0344385234375 0.392555328125 0.038420384375 0.3907500875 0.0426465578125 0.391596409375 0.0506483765625 0.3947549265625 0.054485103125 0.3996712890625 0.0548305578125
17 0.4096501078125 0.031009396875 0.4104792203125 0.0320165390625 0.41287540624999997 0.032490384375 0.418783340625 0.0290794375 0.418982140625 0.028422950000000002 0.415501940625 0.0223950671875 0.41393651406250004 0.0232988671875 0.4131231859375 0.022707134375 0.4105884125 0.02240174375 0.409574503125 0.0222795890625 0.4082178234375 0.0248317109375 0.4088889625 0.0276281453125 0.40889821875 0.0297070875 0.4096501078125 0.031009396875
28 0.4198245265625 0.027788459375 0.423774375 0.02727685625 0.4255388578125 0.026983357812499997 0.4332131078125 0.022552628124999998 0.434320446875 0.020614678125 0.4324605109375 0.0173931734375 0.42894211875000005 0.0158028140625 0.42534603750000005 0.01611016875 0.4221621203125 0.0179484046875 0.4196383453125 0.02011304375 0.418128478125 0.0223998390625 0.41767991875000005 0.024073890625 0.4190585953125 0.026461828124999996 0.4198245265625 0.027788459375
28 0.43539864531249994 0.025076129687499997 0.44857953906250003 0.019093471875 0.45369739375 0.016138678125 0.4546357515625 0.0151768171875 0.4502610640625 0.007599637500000001 0.44636887343750004 0.0081294078125 0.4328672765625 0.0141557171875 0.431204221875 0.016177187500000002 0.4333378328125 0.0174217265625 0.4342095546875 0.0197485875 0.43260489687500003 0.023505184374999998 0.4325101046875 0.0249749875 0.43539864531249994 0.025076129687499997
28 0.43071554375 0.114370803125 0.430200715625 0.1134790921875 0.42661834687500005 0.11124687656250001 0.42174938125 0.1101665203125 0.419167209375 0.1105960328125 0.41732687031250004 0.1130559390625 0.4187385234375 0.11550099375 0.42447033593750005 0.11814732812499999 0.4279132296875 0.11757464687500001 0.43071554375 0.114370803125
28 0.46020136718750004 0.0934850453125 0.46160544375 0.090198021875 0.44772807812500004 0.0914885203125 0.4454268828125 0.0981236453125 0.44760788749999997 0.09863328437499999 0.45430659531249995 0.09878105625 0.45944369687500003 0.09581515 0.46020136718750004 0.0934850453125
28 0.431734265625 0.14190121093750002 0.43568391249999994 0.14020459999999998 0.441790834375 0.1366787671875 0.43876693749999995 0.131441225 0.43608868125000005 0.1298354359375 0.431278109375 0.1304902109375 0.42617216406249997 0.1330843609375 0.4277624203125 0.1374727546875 0.42762023437499996 0.13967745781250002 0.4301076109375 0.14071775 0.431734265625 0.14190121093750002
28 0.4208085640625 0.1565864078125 0.41884263749999995 0.1531813234375 0.4173170921875 0.153674215625 0.41596041250000004 0.15622633749999998 0.411361421875 0.158881565625 0.41223314218749996 0.16120842500000002 0.4156760359375 0.16063574375 0.415984946875 0.1605989015625 0.41980565 0.1583930171875 0.4208085640625 0.1565864078125
28 0.44718005312500003 0.14913816875000002 0.44432799999999995 0.149753821875 0.439929590625 0.151939475 0.44176782656249997 0.15512339375 0.443642459375 0.1551023796875 0.4442378546875 0.1551123953125 0.4484589578125 0.152675340625 0.44857696718750006 0.15155769375 0.44718005312500003 0.14913816875000002
28 0.437908559375 0.19304678749999998 0.4388276765625 0.1946387453125 0.443933621875 0.192044596875 0.45135888125 0.19249811875 0.45242490625 0.1918826484375 0.45400981875 0.1859676703125 0.453945990625 0.1858571171875 0.45029045625 0.18589809531249998 0.4478504765625 0.184122903125 0.445067721875 0.1850219890625 0.4438058359375 0.186104309375 0.4379813546875 0.1866369265625 0.435162203125 0.19074094218749998 0.43815653593750004 0.1918423125 0.437908559375 0.19304678749999998
28 0.41908510000000004 0.18560699687499999 0.4147120875 0.1821176890625 0.4109154265625 0.18289462031249998 0.4084864421875 0.1835894578125 0.41224670625000004 0.1860174578125 0.41129119062499997 0.18763043125 0.412965240625 0.188078990625 0.4150878515625 0.1868535015625 0.41908510000000004 0.18560699687499999
28 0.4710564421875 0.3074210984375 0.47128307812500003 0.30711336562499997 0.470163378125 0.3059909828125 0.4705535453125 0.302581803125 0.4702929796875 0.3016709328125 0.4680401859375 0.29776897812500003 0.4645538796875 0.297909034375 0.4594589328125 0.302973215625 0.45618022500000005 0.306281253125 0.44885687343749997 0.31157069531250003 0.4410849640625 0.31853418906250003 0.44170870781250005 0.3220655265625 0.44398191562499995 0.32305258281250004 0.4710564421875 0.3074210984375
28 0.46049297187500005 0.3239737828125 0.46323932812499996 0.326279625 0.46334079843750003 0.32630948437499996 0.4856534828125 0.31342725 0.48839187656250005 0.311144140625 0.4877384796875 0.3100124234375 0.48531516406249997 0.31141152499999997 0.48273299375 0.3118410359375 0.48084736250000004 0.3093920203125 0.47614258125 0.31104702031250003 0.468666046875 0.3160711375 0.4634653078125 0.320135090625 0.4625097921875 0.3217480640625 0.46049297187500005 0.3239737828125
28 0.5093579078125 0.338083371875 0.508133375 0.33596241875 0.5019548625 0.3352180296875 0.4963893578125 0.337016203125 0.4912360171875 0.340345253125 0.48952556718749995 0.34310162499999997 0.48746134999999996 0.34606224375 0.49345001718750003 0.34826498125 0.5065868499999999 0.339972890625 0.5093579078125 0.338083371875
28 0.5333452421875 0.301505653125 0.5295974359375 0.30275527812499997 0.53006799375 0.3060212875 0.532684196875 0.3079246890625 0.5359595046875001 0.3060336890625 0.5358771703125 0.30589108125000003 0.5341126328125 0.3040398828125 0.534031909375 0.3026949953125 0.5333452421875 0.301505653125
28 0.662977609375 0.1322855 0.6613596203125 0.1313417234375 0.6382258796875 0.13620755 0.6366322203125 0.142434178125 0.6381640828124999 0.1450874421875 0.65668538125 0.140708934375 0.6646635390625 0.13610274218750001 0.6639586359375 0.1339846890625 0.662977609375 0.1322855
28 0.7146571546875 0.44462797812500005 0.7119976953125 0.44616341718749997 0.7089060734375 0.4488151 0.706568478125 0.45865515468750007 0.7112952578125 0.46194021406249997 0.7160042265625 0.460088221875 0.7210861125 0.45715419375 0.7226915328125 0.44821305 0.7214094281250001 0.445992378125 0.7146571546875 0.44462797812500005
28 0.56838339375 0.4496935125 0.5667328203124999 0.44683463437500004 0.5624161296875 0.4404914875 0.55329094375 0.43939208125 0.5495162765625 0.44510907343749995 0.5535939140624999 0.45053775625 0.5602901171875 0.4523319984375 0.568290525 0.4497471296875 0.56838339375 0.4496935125
28 0.47980222031249997 0.2218893765625 0.4854371171875 0.22429636406250003 0.4866538078125 0.2244429515625 0.491009584375 0.22192814374999997 0.4894857640625 0.21928881093750002 0.488197871875 0.21845721718750002 0.48596947031250004 0.21868248124999998 0.484237025 0.21649879218749998 0.48196122812500003 0.21745895625 0.48120629687500005 0.218602353125 0.4790836859375 0.21982784375 0.47980222031249997 0.2218893765625
28 0.4821529125 0.7237856515625001 0.4874230421875 0.7239268562500001 0.4957129046875 0.719494471875 0.501696496875 0.7191353171875 0.5126279484375 0.7128240406249999 0.5139082875 0.7093431296875 0.512641834375 0.7062712984374999 0.507235640625 0.6969074984375 0.50548304375 0.694750178125 0.5015331953125 0.6952617796875 0.48763043125000005 0.7022272390625 0.47570809062499997 0.7101719109375 0.4743514125 0.712724034375 0.476543415625 0.7157037015625 0.47974932812500004 0.7188055265625 0.4821529125 0.7237856515625001
28 0.45857899843750005 0.6232526359375 0.4584842046875 0.6247224375 0.4582362265625 0.6259269140625 0.4593559265625 0.627049296875 0.46016925468750003 0.627641028125 0.4656172890625 0.624495603125 0.46587694687500003 0.623638153125 0.46561797031249996 0.6223726 0.46500522499999997 0.62131129375 0.4631779890625 0.62059740625 0.461810309375 0.620679496875 0.4605958171875 0.621026915625 0.45933393125000005 0.6221092359375 0.45857899843750005 0.6232526359375
28 0.42393160312499995 0.448913565625 0.425591253125 0.4575071171875 0.4265103703125 0.45909907499999997 0.42829021093749997 0.4605478640625 0.43173310625 0.45997518125000003 0.4328418078125 0.45862753593749994 0.4376997734375 0.4572378625 0.439421221875 0.45695152187500004 0.4402760203125 0.4569002140625 0.44760197812499997 0.45267057031249996 0.44771108593750003 0.452519134375 0.4482544375 0.44937528125000004 0.4471237390625 0.44578286718750004 0.445754453125 0.44041895625 0.44199756093750003 0.433911828125 0.44109107812500004 0.43370000781250007 0.4357004765625 0.43608705 0.43334790781250004 0.43744530625 0.43427468437499994 0.4390505296875 0.432859609375 0.4398675234375 0.43104337187499997 0.44162366718749996 0.4282606203125 0.4425227515625 0.42543047187500005 0.4441567390625 0.426703359375 0.44554445 0.42610161093750004 0.44695317343749996 0.42393160312499995 0.448913565625
28 0.48825438906249996 0.6140616421875 0.49056773593749997 0.6155031156249999 0.49464137812500003 0.613151196875 0.49815990781249997 0.6083426890625 0.5025947140625 0.602952103125 0.5051658875 0.6000525640625 0.5110741625 0.5955801125 0.51677085625 0.58910720625 0.516836209375 0.5885361703124999 0.5131659140625 0.58217903125 0.5069415359375 0.5778012796875001 0.5031227078125 0.577582765625 0.49702441249999996 0.58110361875 0.49698862187500004 0.5842551359375 0.4889213375 0.5931580046875 0.480996240625 0.5998561718750001 0.4782828796875 0.6049604171875 0.4808760484375 0.6070009359374999 0.48220732968749996 0.6101237765625 0.4846947078125 0.61116406875 0.48825438906249996 0.6140616421875
28 0.5163908015625001 0.5821274437499999 0.51857180625 0.5826370828125 0.5260291234375 0.5823999359375 0.5285585671875 0.5809395609375 0.5293380484375 0.57677495625 0.527959371875 0.57438701875 0.5226892421875 0.5742458140625 0.5212157734375 0.573327678125 0.5190931625 0.57455316875 0.514694753125 0.5767388234374999 0.5148115421874999 0.5802090796875 0.5163908015625001 0.5821274437499999
28 0.560554040625 0.439257675 0.5606270421875 0.43938411874999994 0.56244243125 0.44028173125 0.5659823484375 0.445667096875 0.575511796875 0.44016526718750004 0.5718188109375 0.433768828125 0.560554040625 0.439257675
28 0.539841909375 0.4156891734375 0.540772025 0.4197511625 0.542847240625 0.41926057187500004 0.5429061796875 0.4192972984375 0.5447174718750001 0.4182515484375 0.5447438203125 0.4181235703125 0.542338053125 0.41395665781249996 0.539841909375 0.4156891734375
28 0.4430591828125 0.5328747968750001 0.44116188906250003 0.527266284375 0.439487840625 0.5268177234375 0.4393236546875 0.5240823671875 0.43933536875 0.523050778125 0.436201275 0.5176223671875 0.43478646093749995 0.517857703125 0.43444510156250005 0.5180017234375 0.4297731359375 0.520699084375 0.43229567968750005 0.5274324328125 0.43394433125000004 0.533555953125 0.43516982187500003 0.5356785656249999 0.4372924328125 0.5344530749999999 0.43864911093750003 0.531900953125 0.43921446093750005 0.5336971593750001 0.4415662828125 0.533736721875 0.4430591828125 0.5328747968750001
17 0.48060919531249996 0.835164140625 0.47889567812499995 0.83219624375 0.4718829609375 0.8328562312500001 0.46784931875 0.8373076671874999 0.46782391875 0.8429826281249999 0.47244490624999996 0.845267459375 0.47442456718750003 0.8449381671875 0.479005875 0.8422931484375 0.4813839125 0.838691446875 0.48060919531249996 0.835164140625
28 0.5182230828125001 0.89718830625 0.5164198875 0.8940650781249999 0.49716992031249996 0.8829964421875 0.49070729375 0.8881427140625 0.4879575375 0.896451890625 0.5081739328125 0.9077749046875001 0.510313425 0.9072118281250001 0.5134460484375001 0.9054032062499999 0.5181632453125 0.8981161171875 0.5182230828125001 0.89718830625
28 0.4817639859375 0.64241348125 0.4801957265625 0.6429651468750001 0.4788864421875 0.6447823703125 0.47926220781250006 0.6495181828125001 0.4800865328125 0.6525799421875 0.48065188281250004 0.6543761484374999 0.4805760484375 0.655551990625 0.48791266406249995 0.6513161937499999 0.4865017625 0.6481685703125 0.4859364140625 0.646372365625 0.48603120625 0.6449025625 0.485819625 0.6429021046875001 0.4860676046875 0.6416976296875 0.485454859375 0.6406363234375 0.48393399375 0.6404530890625 0.4817639859375 0.64241348125
28 0.4637530734375 0.5561625203125 0.46569764375 0.5530865781250001 0.4648239078125 0.551573221875 0.464238034375 0.5512835390624999 0.460499765625 0.553795596875 0.4579285921875 0.5566951390625 0.45217350468750006 0.5614329140625001 0.45360672031249993 0.5628695640625 0.45831891875 0.5601489749999999 0.4609229265625 0.55779650625 0.4637530734375 0.5561625203125
28 0.48202063749999996 0.4633645484375 0.4885416578125 0.459953403125 0.49213426875 0.45943579218749997 0.49706934062499997 0.4565865265625 0.49996582187499994 0.4530658015625 0.4982607234375 0.45011248437500007 0.4897959515625 0.44578603437500003 0.48568191718750003 0.4435622796875 0.4809187421875 0.443482153125 0.476768309375 0.44446333125 0.4730774390625 0.44624048906249997 0.4711190125 0.450201334375 0.47038607656250003 0.45628479375 0.48202063749999996 0.4633645484375
17 0.5319851984375 0.9473934500000001 0.5344658453125 0.949198228125 0.5372217046875 0.9476071328125 0.5387177984375 0.9459827609374999 0.5437653499999999 0.94165348125 0.5477042 0.9386718484375001 0.549108275 0.9353848250000001 0.5505123515625 0.9320978015625 0.551974821875 0.9305459062500001 0.5518106375 0.92781055 0.5516650984375 0.9269865749999999 0.5504671796875 0.9249117203124999 0.5464931109375 0.9284042453125 0.5461977359375 0.9303436234375001 0.547470621875 0.9317313328125 0.546066546875 0.93501835625 0.544049725 0.9372440750000001 0.539651315625 0.9394297281249999 0.534603765625 0.9437590078125 0.5319851984375 0.9473934500000001
17 0.489513096875 0.8849407296875 0.48949011875000004 0.88490093125 0.485740853125 0.8849429578124999 0.4848217359375 0.883351 0.484963925 0.881146296875 0.48515350625 0.8782066921875 0.486262209375 0.8768590453125 0.488337425 0.87636845625 0.49142655 0.8760000234374999 0.4920392953125 0.8770613296875001 0.49099998749999996 0.8826141328125001 0.49059882187500004 0.883553284375 0.490928171875 0.8841237359375 0.49250833906249997 0.8832114265625 0.49287461875 0.882593121875 0.493406971875 0.8769792375 0.4934029390625 0.87607355625 0.4922719171875 0.8741145671874999 0.49136815624999997 0.8742648953125001 0.4867581671875 0.8744500953125 0.4842817859375 0.8758798343749999 0.4836800390625 0.8772885578125 0.482651728125 0.8853113921875 0.4841251984375 0.8862295265625001 0.48703966562499995 0.8863687671875 0.489513096875 0.8849407296875
28 0.52142495 0.710628303125 0.5234311765624999 0.7101952328125 0.52380410625 0.709979921875 0.5216135390625001 0.706185746875 0.5187513921875 0.7019125953125 0.510089165625 0.6909941484375001 0.5069162484375 0.6953024125 0.5132332828124999 0.702975865625 0.5195986828125 0.712407925 0.5202885312500001 0.712009640625 0.52142495 0.710628303125
28 0.471954325 0.7306820484375 0.474536496875 0.7302525375 0.476775896875 0.7324973046875 0.47886210937499996 0.734476746875 0.48175081875 0.73606361875 0.483936465625 0.734801734375 0.48387360937499996 0.7345682703125 0.48336579999999996 0.7336887187500001 0.48052516250000005 0.732455275 0.47757822499999997 0.7306190046875 0.47589317500000006 0.7277004140625001 0.474773475 0.72657803125 0.47179014218750004 0.7279466921875 0.4693137625 0.7293764296874999 0.46937215625000006 0.731111559375 0.471954325 0.7306820484375
28 0.536057540625 0.9049779921875001 0.5380447937499999 0.9033955171875 0.5306275140625 0.8905484109374999 0.5237740953125 0.895548853125 0.5319393812500001 0.9073556125 0.536057540625 0.9049779921875001
28 0.49048871250000003 0.8335055421875 0.5015723249999999 0.8306440984375 0.5037755875000001 0.8316007875 0.5051658984375 0.8307980921875 0.5063718984375 0.8275192953125 0.504238290625 0.8262747562499999 0.508260934375 0.8193532906250001 0.508344728125 0.8154134578125 0.5075004484375001 0.8129911578125 0.5065671890625 0.81137470625 0.4961778109375 0.813947584375 0.4851259359375 0.8171090953125001 0.48243729375 0.8186613828124999 0.48201607187500006 0.819647490625 0.48702722343750005 0.8185231421875001 0.48875966875000004 0.8207068312500001 0.4877093640625 0.8237896062500001 0.4857983328125 0.827015553125 0.48155310937499995 0.8294665328124999 0.4836977171875 0.833181103125 0.49048871250000003 0.8335055421875
28 0.525816228125 0.8759650171875 0.5251320500000001 0.875219121875 0.5187642171875 0.8788955921875001 0.5174075375 0.8814477171874999 0.5225354796875 0.883793625 0.5227954609375 0.88376734375 0.5282184375 0.8806363875000001 0.5280565765625 0.8798454171874999 0.525816228125 0.8759650171875
28 0.5112917359375 0.8758691359374999 0.51129241875 0.8758090421875 0.5086158078125 0.8711730187500001 0.5081806156249999 0.8712975109375 0.5058574234375001 0.872992571875 0.506776540625 0.87458453125 0.506280584375 0.876993484375 0.507506075 0.879116096875 0.5095718078125 0.8787724875 0.5116413546875 0.8775776343749999 0.5112917359375 0.8758691359374999
28 0.43386854531249996 0.46746268124999996 0.43464082499999995 0.4673705734375 0.43738253125000004 0.4657876484375 0.4378073953125 0.46448104843750004 0.43919420000000003 0.46343126406249996 0.43842159531249997 0.462093075 0.43562638906249995 0.46397140937500003 0.43137016875 0.4639523609375 0.42828104375000003 0.46432079374999996 0.42737292499999996 0.465198865625 0.42875160156250003 0.467586803125 0.4307794203125 0.467831115625 0.4326066578125 0.46854500000000004 0.43386854531249996 0.46746268124999996
28 0.4944424140625 0.7547734875 0.49511355312500005 0.7575699218749999 0.49784890937500004 0.7574057375 0.5062445609374999 0.753973578125 0.5092155046875 0.754487046875 0.5166552546875 0.7501917046875 0.517718340625 0.7477029578125001 0.521398215625 0.74345576875 0.521031209375 0.7426771234375 0.5154289624999999 0.732973746875 0.5137499 0.7326594796875 0.5028778671875 0.7375213765625 0.498443059375 0.7429119625 0.49734535781250006 0.7467296375 0.495788096875 0.749751334375 0.49366548281249995 0.7509768265625001 0.4916486640625 0.7532025421874999 0.4944424140625 0.7547734875
28 0.50032870625 0.7618642734375001 0.4998801453125 0.763538321875 0.4993013640625 0.7644149265625 0.4999591375 0.765554225 0.5054676484375 0.7666802109375 0.5081556078125 0.767250928125 0.5093175859375 0.767057646875 0.511426928125 0.7658398171874999 0.5110805468749999 0.7641471390625 0.5184622921875001 0.7605928234375 0.5185366859375 0.7602314812500001 0.5180362781250001 0.7593647484375 0.5158217265625 0.75928720625 0.5147494218750001 0.7574299203125 0.5131227671875 0.7562464609374999 0.5083595937500001 0.75616633125 0.5058248187500001 0.7558609406250001 0.5026882968749999 0.7569642765625 0.5018385734375 0.7595774750000001 0.50032870625 0.7618642734375001
28 0.5073712984375 0.7993483453125 0.5069822640625 0.7964686375000001 0.5060695281250001 0.7948877296875 0.5051209 0.7946335484375 0.502998290625 0.7958590375 0.50006235 0.796492796875 0.50104494375 0.7986848953125001 0.5037052765625 0.803292728125 0.5073467203125 0.8024756999999999 0.508408021875 0.8018629578124999 0.5073712984375 0.7993483453125
28 0.5030860453125 0.7678451875000001 0.502475490625 0.7670634125 0.5001413 0.7662884484375 0.49767591875 0.7701882171875 0.4975337296875 0.7723929203125001 0.4969872875 0.77598076875 0.505084165625 0.7713060328125 0.5030860453125 0.7678451875000001
28 0.5225230875 0.7771749390625 0.52413874375 0.7758883703125 0.5289967109375 0.7744986968750001 0.530364390625 0.7744166046875 0.540127721875 0.7709023515625 0.5390554171875 0.7690450671875 0.5374092687500001 0.761669753125 0.5357432078125 0.75878405 0.534401434375 0.759350146875 0.5301562109375 0.761801128125 0.5252982453125 0.763190803125 0.521301 0.76443730625 0.5133065109375 0.766930315625 0.5140106453125 0.777136840625 0.5148823671875 0.7794637 0.5225230875 0.7771749390625
28 0.4978368203125 0.8640739359375 0.49784781875000006 0.8665439656249999 0.5005467765625 0.8695847109375 0.5057348125 0.868358240625 0.5066767249999999 0.8678144265625001 0.5033291796875 0.8620163078124999 0.4978368203125 0.8640739359375
28 0.55470565 0.8603779640625 0.554010565625 0.8591740437500001 0.54824316875 0.861858225 0.54793853125 0.8620341078125 0.5489520515625 0.864597490625 0.5506371015625 0.8675160828124999 0.550104746875 0.8731299640625 0.553443653125 0.8732894812499999 0.55707406875 0.8711934593749999 0.5574280968750001 0.8678405218749999 0.5556846531249999 0.8631868015625 0.55470565 0.8603779640625
28 0.55288771875 0.9451070734375 0.5499373796875 0.9538858250000001 0.5512389859375 0.9539480078125001 0.553420559375 0.9526884765625001 0.5535224609375 0.9511084390625 0.5564473999999999 0.94800465 0.5575924999999999 0.9434520718750001 0.5598682984375001 0.942491909375 0.55964571875 0.938021421875 0.5574647140625 0.9375117843749999 0.55556468125 0.9432077609375 0.55288771875 0.9451070734375
28 0.5782969546875 0.9420583406249999 0.5782275625 0.9378531812500001 0.5779220921875 0.9349650234375 0.5764119328125 0.93234935 0.5703896625 0.9299964968750001 0.5693393546875 0.9330792703125 0.5675451125000001 0.9397754734375001 0.5667537828125 0.944123803125 0.5672717359375 0.9466549109375 0.5761944406249999 0.944952628125 0.5788145390625 0.9434399140625 0.5782969546875 0.9420583406249999
6 0.42260420468750004 0.0815307 0.42129492187500006 0.0833479203125 0.42135331562499995 0.0850830484375 0.42694081562499997 0.0882249375 0.42876805312500005 0.088938825 0.43061672343749996 0.08900355625 0.435484571875 0.0861931015625 0.43559544531250005 0.0860583328125 0.437564871875 0.0845675171875 0.43821401406250005 0.0824238921875 0.43941750781250005 0.0796064421875 0.437790853125 0.07842298125 0.42720319531250006 0.078875471875 0.4253285625 0.07889648437499999 0.42260420468750004 0.0815307
19 0.4525986984375 0.16832745625 0.45368679062500006 0.16690326718749998 0.45747245468750003 0.16365630625 0.46833053125 0.1545218703125 0.46696376875 0.1521545671875 0.46344252656249996 0.1503039640625 0.45613357812500005 0.14744841718749999 0.44942297499999995 0.153799165625 0.443113534375 0.159210765625 0.43620234843750005 0.1660310875 0.4424973875 0.1687644796875 0.44992872500000003 0.169868965625 0.4525986984375 0.16832745625
19 0.45433132968749995 0.3648537890625 0.45579491250000004 0.360934540625 0.45343431093750003 0.3568458609375 0.447908503125 0.356180109375 0.43953825 0.3539373078125 0.4369670765625 0.3568368484375 0.43501965 0.363267725 0.43357917500000004 0.36975968125 0.447319934375 0.371643525 0.4507205359375 0.3696801875 0.45433132968749995 0.3648537890625
19 0.5376851375 0.455897571875 0.52876449375 0.458062984375 0.519307534375 0.4621078890625 0.5227100203124999 0.47683490781250004 0.5228429734375 0.47706518906250006 0.541054459375 0.47088453750000003 0.5420394640625 0.4703158453125 0.5388282921875 0.4578775734375 0.5376851375 0.455897571875
19 0.4746544640625 0.53143725625 0.47749561093750004 0.5322733000000001 0.48014634218749996 0.5313089296875 0.49429707812499996 0.5231389984375 0.4939585484375 0.5199382703125 0.491602359375 0.5142232453125 0.49205092031250003 0.51254919375 0.4921347140625 0.5086093625 0.4921777890625 0.508326534375 0.49071236718750005 0.505788346875 0.48766691250000005 0.5065898578125 0.480886915625 0.508735446875 0.47481445625 0.510472540625 0.47001488281250003 0.5135973453125 0.4723820703125 0.5217823984375001 0.47265204531249994 0.5255179828125 0.4721670875 0.5303969656249999 0.4746544640625 0.53143725625
23 0.5120770796875 0.5003503031250001 0.49751836875000005 0.53068943125 0.5075042765625 0.5316456640625 0.5082931546875 0.5312963374999999 0.51028663125 0.5301454031249999 0.5229650421875001 0.5022766187500001 0.5225837171875 0.5016161453125 0.5120770796875 0.5003503031250001
19 0.46022225 0.5037029984375 0.4746759625 0.5066787374999999 0.481455959375 0.504533146875 0.48428610625 0.5028991609375 0.48512252343749995 0.50317685625 0.48716553906250004 0.5019973203125 0.4896049578125 0.49449525781250003 0.48886966249999997 0.493221690625 0.477757490625 0.493225253125 0.4666628796875 0.49361666406250004 0.46523680624999997 0.4919636265625 0.4615349359375 0.4912707546875 0.45769087812500003 0.4927825859375 0.456228409375 0.49433447968750005 0.45600242812499997 0.5004790171875 0.46022225 0.5037029984375
19 0.47422970781249996 0.6997579296875001 0.47553899218750006 0.69794070625 0.47649450781249997 0.696327734375 0.47872290937499995 0.696102471875 0.47944144375000003 0.6981640046875001 0.47925186093749994 0.7011036093749999 0.477953575 0.7053908609375 0.47753247656250003 0.707827346875 0.49563658593750004 0.697374934375 0.4958535828125 0.6971788984375 0.49869813281250003 0.6873999203125 0.5014148953124999 0.6716806546874999 0.5023704109375 0.67006768125 0.5022635828124999 0.669545640625 0.5011017078125 0.6675332140625 0.493340015625 0.667498475 0.489459559375 0.6722152375 0.4863340359375 0.6757886015625 0.4831027234375 0.6783617375000001 0.46939714062500004 0.6954726421874999 0.47051684062500004 0.6965950249999999 0.472756240625 0.69883979375 0.47422970781249996 0.6997579296875001
23 0.5060107640625 0.47188970625 0.5086403296875 0.47072529375 0.5115288734375001 0.470826434375 0.514311625 0.46992734843750006 0.5150173390624999 0.4696791 0.5177590484375 0.4680961734375 0.5192533859374999 0.4645978421875 0.5187354328125 0.4620667328125 0.52085804375 0.4608412421875 0.5220615375000001 0.45802379374999996 0.5221453312500001 0.45408396093750003 0.5175353406250001 0.45426916093749997 0.51384446875 0.45604631875 0.5142930296875 0.4543722671875 0.5133739140625 0.45278031093750004 0.5149421750000001 0.45222864218750003 0.5175717390625 0.4510642296875 0.5122432156250001 0.449187896875 0.5093072765625 0.44982165468749996 0.5055686328125 0.4516794578125 0.5047726484374999 0.4521390203125 0.5030926296875 0.453763453125 0.5027972562499999 0.4557028296875 0.499719128125 0.4585412921875 0.49780809687499994 0.46176723906249995 0.4976295109375 0.467176871875 0.49931456093750004 0.47009546249999995 0.504088734375 0.4726456203125 0.5060107640625 0.47188970625
7 0.6470863062500001 0.2055779484375 0.6474620718749999 0.21031375937500002 0.649701471875 0.2125585265625 0.657027784375 0.20907159218750002 0.673088871875 0.19979871875 0.6704099968749999 0.19515877343750002 0.6470863062500001 0.2055779484375
7 0.6239325640625 0.0981338078125 0.6253718 0.0952753265625 0.6233153828125 0.0917135078125 0.6165322265625 0.086133040625 0.611827446875 0.087788040625 0.6084429453125 0.0900958515625 0.6112366984375 0.09166679531250001 0.6116598578125 0.09566770625 0.61618605625 0.0994223390625 0.6205954625000001 0.099706715625 0.6239325640625 0.0981338078125
7 0.8586575765625 0.29308814375000003 0.8564961203125 0.28934439218749997 0.8539132421875 0.28756679531249996 0.8427286796875 0.27867065 0.83990658125 0.28029998906250003 0.8381282499999999 0.2814682171875 0.8346963546874999 0.284510928125 0.8334301203125 0.286892909375 0.8336380453125001 0.2872530453125 0.8516964328125001 0.2987521890625 0.8536919125000001 0.2976000984375 0.8588042031249999 0.2935872109375 0.8586575765625 0.29308814375000003
13 0.5216491109375 0.6656223609375 0.5194178046875 0.6617576234375 0.5177604421875001 0.6614298796875 0.5145765250000001 0.663268115625 0.5135736140625 0.6656159890625 0.513985778125 0.6671468703125 0.5151054765625 0.6682692546875 0.517112 0.6687381218749999 0.5196308390625 0.66728386875 0.5216491109375 0.6656223609375
13 0.5393287203125 0.7688342109375 0.5401132718749999 0.770928384375 0.5455352390625 0.7677980109375 0.5439020484375 0.7604155796875001 0.5417778671875 0.7567363874999999 0.5382500046875001 0.7575703859375 0.5368986046875001 0.7583506171875001 0.5393287203125 0.7688342109375
26 0.4282844640625 0.4187180515625 0.42075780937499996 0.3971234984375 0.42027143906250003 0.3962810796875 0.41901701718749995 0.3970053203125 0.42696745937499997 0.419478425 0.4282844640625 0.4187180515625
26 0.42860745 0.4418979875 0.4238452953125 0.42122118124999997 0.42263709218749995 0.4191285140625 0.4220238421875 0.4198739296875 0.42739295781250003 0.4422454046875 0.42860745 0.4418979875
26 0.5709456015625001 0.9010733375 0.5608894015625 0.8679635359375 0.558707021875 0.86418354375 0.557464409375 0.864900965625 0.569171846875 0.902097415625 0.5709456015625001 0.9010733375
26 0.42810021093749995 0.21745937343750002 0.43018635625 0.2165792234375 0.43002448906249996 0.2162988609375 0.4128001765625 0.2064818140625 0.41103133437499995 0.20750305624999998 0.42810021093749995 0.21745937343750002
1 0.56217150625 0.882684209375 0.560319865625 0.8794770734374999 0.5597200390625 0.8790406734375 0.5576448234375 0.8795312624999999 0.55532163125 0.8812263281250001 0.55431871875 0.8835742015625 0.5550372546875 0.885635734375 0.5557762562499999 0.886376509375 0.56217150625 0.882684209375
1 0.5139337687500001 0.80225899375 0.5114614640624999 0.8024703000000001 0.510152178125 0.8042875203125 0.509856803125 0.8062268984375001 0.5111770875 0.8068797078125 0.511888559375 0.8070703453125001 0.5152847359375 0.8051095625 0.5154292484375 0.8048492421875 0.5139337687500001 0.80225899375
1 0.5177071859375 0.827554959375 0.5176982046874999 0.8275291906250001 0.5163745796875 0.8252366046875 0.514501271875 0.8244531343749999 0.5123786609375001 0.8256786234375 0.5112225640625 0.8277611734375 0.510726609375 0.8301701250000001 0.5123532640625 0.8313535859375 0.5133671718749999 0.8314757421875001 0.517140703125 0.8292970937499999 0.5177071859375 0.827554959375
1 0.52729346875 0.8347736734375 0.5266776328125 0.8341563624999999 0.523789090625 0.83405521875 0.52177226875 0.8362809390624999 0.5224908046875 0.8383424703125 0.5244720125 0.8394981171874999 0.5284392765625 0.8372076156249999 0.5285706593749999 0.8369858328124999 0.52729346875 0.8347736734375
1 0.5452109265625 0.9033076203125001 0.5452061609375 0.9033044734375 0.5430925953125 0.9045247421875 0.5439145937500001 0.9073225203125 0.5410844453125 0.90895650625 0.5427111 0.9101399671875001 0.54276298125 0.9101277031249999 0.5472469953125 0.9075388562500001 0.547310090625 0.9074847390624999 0.5472400046875 0.9068220874999999 0.5452109265625 0.9033076203125001
1 0.5193525015625 0.849144515625 0.51726765 0.8488933328125 0.515852575 0.8497103265625 0.5167716921875 0.8513022828125001 0.516782690625 0.8537723140625 0.5177068890625 0.85422928125 0.520696234375 0.85250338125 0.5210323531250001 0.8520541046875 0.5193525015625 0.849144515625