2 0.520535534375 0.704077259375 0.49967550781250003 0.6859291453125 0.48957992499999997 0.68770926875 0.47821173906250003 0.7146461359375 0.40134772031250004 0.7151722421875 0.325799925 0.68057470625 0.333561615625 0.65603665625 0.333060753125 0.6417699812500001 0.3268890828125 0.6315253281250001 0.3104200546875 0.6276295281250001 0.2980772625 0.6376129953125 0.287669578125 0.6452405156250001 0.2800017203125 0.649362828125 0.2746943328125 0.6573502359375001 0.24963708593749998 0.663783240625 0.24511554218749998 0.66860998125 0.2889137640625 0.6865750484375 0.3064299734375 0.7021227703124999 0.40269678750000004 0.7157900546875 0.547509603125 0.7820090984375 0.5483961078124999 0.7825138703125 0.5474968437500001 0.783365 0.5474075218750001 0.7928563015625001 0.5549166703124999 0.7935469703125 0.561572015625 0.7901572453125 0.5618867859375001 0.7886920015625 0.563235853125 0.7893098125 0.5641206671875 0.7883574328125 0.56875395 0.7962596343749999 0.564527878125 0.7966372515625 0.5656103953125 0.7975712671874999 0.5642152125 0.797924609375 0.55577325 0.8326832718749999 0.5787260484375001 0.8409763296874999 0.5866251890624999 0.8267395593750001 0.575372928125 0.80754849375 0.5764355578125 0.806911440625 0.580765621875 0.8106475078125 0.6226132671875 0.7274742953125 0.6224472234375 0.7265326109375 0.6214582796875 0.72636203125 0.6223034015625 0.725716953125 0.6214029765625 0.72061039375 0.5917044296875 0.7031969375 0.600077309375 0.691646896875 0.559751065625 0.6743288359374999 0.5500997203125 0.6843414125 0.5287563640624999 0.6737498328125 0.515600603125 0.6753140203125 0.5250507171875001 0.7003429546875 0.520535534375 0.704077259375
2 0.25253553125 0.6389442375 0.24774733750000003 0.6327369515625 0.2543291609375 0.6274067718749999 0.25273379218750003 0.6183589781250001 0.2515526796875 0.6124222968749999 0.24150690312499998 0.60111045 0.2414711234375 0.601116759375 0.213818728125 0.6193276515624999 0.1968016859375 0.6250830875 0.19685083125 0.6253618000000001 0.20391722343750002 0.6374432796875 0.21195674062499997 0.6468548953125 0.22047760312500003 0.64765679375 0.24788450312500002 0.6428242171874999 0.25253553125 0.6389442375
2 0.2755016875 0.6510503421875 0.25808517656249996 0.6417810890625 0.23637070312500003 0.64812835625 0.24946213281250001 0.6614341828125 0.27306333125000004 0.6562652859375 0.2755016875 0.6510503421875
2 0.347905740625 0.764808934375 0.350997659375 0.7640622718750001 0.3541787953125 0.7554424109375 0.3712744125 0.73051774375 0.3809541359375 0.7156671609374999 0.38080757187500003 0.7148359546874999 0.37815349375 0.7162089984375 0.3675599765625 0.7170695515625 0.3380189390625 0.7323521109375 0.339833090625 0.738831959375 0.333026584375 0.7478392296874999 0.33270916562499997 0.7574651921875 0.3429588265625 0.7656812078125 0.347905740625 0.764808934375
2 0.2562730015625 0.755215421875 0.24909776250000001 0.7640358671875 0.2538988640625 0.7655188421875 0.2768519015625 0.7614716015624999 0.2800547140625 0.7605920562499999 0.290145165625 0.7495467109375 0.2900510078125 0.7490127156249999 0.2562730015625 0.755215421875
2 0.33683734374999996 0.73541076875 0.3089910171875 0.7358335453125 0.317431703125 0.75323336875 0.3276052859375 0.7572822234375 0.3289172484375 0.7570508890625 0.327067103125 0.7545564890625001 0.337829959375 0.7413258218750001 0.337723765625 0.74043791875 0.33683734374999996 0.73541076875
2 0.4358007 0.9698486484375 0.439924415625 0.9691215265625001 0.43976903125 0.9682403046875001 0.423235596875 0.9426742625 0.4119016875 0.9298140640625 0.4020214421875 0.9328154281250001 0.3928815921875 0.94953754375 0.38221843125 0.96904668125 0.4106078234375 0.970085071875 0.4358007 0.9698486484375
2 0.454232246875 0.9242921718750001 0.44196371250000005 0.9063932937500001 0.4290905484375 0.9076558125 0.4233766765625 0.9114335828125 0.4274787203125 0.92708000625 0.4304309984375 0.9438232015624999 0.431086625 0.9437075968749999 0.45609283749999996 0.9348440984374999 0.454232246875 0.9242921718750001
2 0.4185997046875 0.9157639015625 0.4134527390625 0.9169484750000001 0.40104268750000005 0.928454853125 0.4262343890625 0.9366301578125 0.42626144843749997 0.9366253859375 0.42246289375 0.9150827156249999 0.4185997046875 0.9157639015625
2 0.736475675 0.64001949375 0.753219596875 0.6645178578125 0.76806030625 0.668700771875 0.7835470265625 0.6765474046875 0.8048024921874999 0.6826591046875 0.80509455 0.6826076078125001 0.802438496875 0.6675443796875 0.796829059375 0.66236885625 0.781522309375 0.634594975 0.777032659375 0.616750321875 0.7670715953125 0.6154846234375 0.7551512312499999 0.618342028125 0.7519889734375 0.6289733 0.736475675 0.64001949375
2 0.8068871906249999 0.6680120796875 0.8055557796875 0.649635725 0.8035799890625 0.6346217546874999 0.8062270546875 0.6260438046875 0.8038727250000001 0.612691740625 0.78795581875 0.6164738390625 0.7806620125 0.61700440625 0.779052565625 0.6193029296875 0.7823847125000001 0.626774325 0.790494415625 0.6480101390625 0.7980926312500001 0.662536409375 0.8058247906249999 0.668199409375 0.8068871906249999 0.6680120796875
2 0.8021174859375 0.6117353609375 0.800636825 0.6033381234374999 0.7952108250000001 0.58508688125 0.7761418 0.5778719031249999 0.7689530015625 0.5809023765625 0.7733618328125 0.5944799703125 0.783767134375 0.603978121875 0.7934799156250001 0.613258396875 0.8021174859375 0.6117353609375
2 0.778149534375 0.616276359375 0.7863159375000001 0.616108203125 0.788051909375 0.6158021046875 0.7884569703125 0.6152454374999999 0.7877773421875001 0.6113910812500001 0.7748764046875001 0.597713515625 0.778149534375 0.616276359375
2 0.7734437328125 0.6020857687500001 0.7667163078125 0.5806671625 0.7465068125000001 0.6126887796875 0.7545516453125 0.6183218328125 0.770097378125 0.6150770140625 0.7753249046875 0.6148730109375 0.7756872046875001 0.614809128125 0.7734437328125 0.6020857687500001
2 0.74580519375 0.5698608546874999 0.7479101859374999 0.5856075703125 0.7374865546875 0.6045707890625 0.7438646984374999 0.6109006703125 0.745555840625 0.6106024765625 0.7658150328125 0.5768174203124999 0.7657126078125 0.5762365390624999 0.74580519375 0.5698608546874999
2 0.6695237046875 0.5556339125 0.6730015421875 0.5829751296875 0.6827230765625 0.584786746875 0.6839236546875 0.5954042546875 0.6932574734375 0.61189106875 0.7067814609374999 0.609506425 0.71038618125 0.60836713125 0.7254634906249999 0.5986570203125 0.7382693953125 0.5989174140625 0.7378031046875 0.57092121875 0.736763296875 0.565024184375 0.7296157546875001 0.5631706796875 0.726001015625 0.55600095625 0.714336128125 0.546976746875 0.7022783171875 0.5395328703125 0.6916712406250001 0.534603453125 0.679492471875 0.5359953734375 0.6830293203125 0.5522451390625001 0.6695237046875 0.5556339125
2 0.7425530203124999 0.6248535687500001 0.7424147125 0.6240691875000001 0.73153730625 0.6117269671875001 0.7044021890625001 0.6139932 0.6846470140625 0.6162173609375 0.6810835875000001 0.618860425 0.683231646875 0.6348513890625 0.7152126046875 0.63975186875 0.7273051984375 0.6376196171874999 0.7425530203124999 0.6248535687500001
2 0.6896147703125 0.66045889375 0.705347153125 0.6605306625 0.70948454375 0.6598011296874999 0.7113481187499999 0.6561230328125001 0.7082555046875 0.6481057203125 0.707221884375 0.64224376875 0.6972230671874999 0.63695525625 0.6845652421875 0.6394390140625 0.683911528125 0.6566795328125 0.6887964875 0.6558181828125 0.6896147703125 0.66045889375
2 0.731046203125 0.6353733734375 0.7307408093750001 0.6354272234375 0.7217433093750001 0.6402121171874999 0.7111497921875001 0.641072671875 0.7120730875 0.6482132859374999 0.72439154375 0.6492396015625 0.724755096875 0.6491754984375 0.7337948125 0.6381698609375 0.7335872765625 0.6369928671875 0.731046203125 0.6353733734375
2 0.6270675625 0.6085523578124999 0.6399059031250001 0.6166141296875 0.648079940625 0.6229799265625 0.63073361875 0.6255348671875 0.6279695953125 0.6308072359375 0.630023275 0.6367411656249999 0.6277813796875 0.6411659421875 0.6285565937500001 0.6455624046875 0.6332881593749999 0.6457354703125 0.6341683859375 0.6526318359375 0.6362840078125 0.6608214203125 0.639354340625 0.665820559375 0.655957171875 0.6628930328125 0.661397884375 0.6604226359375 0.6809241593750001 0.6511872640624999 0.6821086937499999 0.6419799140625 0.678725628125 0.6227935984374999 0.6711855890625 0.5997657921874999 0.6594050578124999 0.5957988109375 0.651077628125 0.5904674296875 0.6373619921875 0.5888563953125 0.6300735000000001 0.5856084 0.6170121171875 0.5972296234375001 0.6323991453125 0.5987977890625 0.6270675625 0.6085523578124999
2 0.6552575468749999 0.5503675046875001 0.6597976203125 0.5334436859375 0.6592005390625 0.5300574703125001 0.65431179375 0.5277551671875 0.64794659375 0.5316477859375001 0.6442592796875 0.5297795390625 0.6380368421875 0.5401948734375 0.63994244375 0.5433846499999999 0.6381365375 0.5464733421875 0.65205071875 0.5509329562499999 0.6552575468749999 0.5503675046875001
2 0.6464071453125 0.557481184375 0.6410702500000001 0.5710143171875 0.6390277453125 0.5879960328125 0.639847503125 0.5879900015625 0.6524608578125 0.5857659265625 0.6526465859374999 0.5648727921875001 0.6515461234375 0.558631753125 0.6464071453125 0.557481184375
2 0.6228745499999999 0.551493978125 0.6196450312499999 0.5636481578125 0.62136773125 0.5734180765625 0.6178172796875 0.5791816921875 0.6301358046875001 0.5770096031249999 0.6302854124999999 0.5640293703125 0.628685328125 0.55495484375 0.6228745499999999 0.551493978125
2 0.6302916390625 0.5460685296875 0.62657255625 0.543639240625 0.62083980625 0.54540560625 0.611293471875 0.557918084375 0.617949515625 0.563292334375 0.6239566140624999 0.551655759375 0.6314846359375 0.5543578375 0.63138914375 0.5522927859375 0.6302916390625 0.5460685296875
2 0.61628229375 0.6365700984375 0.6083645265625 0.6418571703125 0.62458926875 0.6684240406249999 0.6257425 0.66822069375 0.630522015625 0.6643500859375 0.6301100125 0.662013496875 0.62321348125 0.655608625 0.617192634375 0.6364095812499999 0.61628229375 0.6365700984375
2 0.2005537203125 0.4734702546875 0.20677319062500002 0.47237359375 0.212248334375 0.46676169375 0.21898296875 0.45394279062500004 0.218411546875 0.4507020921875 0.21393273750000003 0.4420360234375 0.18850914375 0.43115653125 0.17137815625 0.43493271250000004 0.16116161874999999 0.4455486296875 0.15023180625000002 0.454023740625 0.15065185 0.464023353125 0.16368665625 0.4712949578125 0.2005537203125 0.4734702546875