25 0.7810114875 0.48839042343749994 0.7956803203125 0.49802336406250003 0.8317350609374999 0.5084930140624999 0.840167609375 0.4972826171875 0.8513399625 0.4905333640625 0.86517555625 0.46537230625000003 0.8741654546875001 0.4473952921875 0.8770411546875 0.41562562812500004 0.8788911484374999 0.3994526140625 0.8725886515625 0.36863472656249996 0.8716650421875001 0.3542492734375 0.86790161875 0.33167683124999997 0.8638595234374999 0.31248770000000003 0.8544157703125 0.284777265625 0.8413299875 0.25278106093749997 0.83294296875 0.24816919531249998 0.8286546140625 0.248586625 0.8176719546875001 0.2498891515625 0.8082123046874999 0.2991681609375 0.7970737546875 0.2996687046875 0.7894654890624999 0.3103027359375 0.781490265625 0.311020678125 0.7744510734375 0.30531453750000004 0.7693611984375 0.2983972015625 0.765363246875 0.2858577671875 0.7623227015625 0.2814550796875 0.761454271875 0.27538174843749996 0.7578122421875 0.271095978125 0.7602747578125 0.25646847031250003 0.76808305625 0.253286121875 0.7743545296875001 0.24540879062499998 0.7842790703125 0.24347965624999998 0.78772106875 0.2403137453125 0.79684339375 0.2422858265625 0.803159009375 0.2410581953125 0.8090290281250001 0.2407494640625 0.8120592296875 0.23225374687499997 0.8053759609375 0.23480126875 0.8028927593749999 0.2236319671875 0.79916244375 0.20604680000000003 0.792971 0.180617178125 0.7862111734375 0.160291746875 0.7753844046875 0.1623962578125 0.77061665 0.1699812953125 0.7706607921875 0.17663099531249998 0.775894828125 0.19392386875 0.7867312453124999 0.21595374218750002 0.780593590625 0.22130820624999997 0.77434488125 0.22127440625 0.7652225578125 0.2193023234375 0.7352930484375 0.22428774687500003 0.7283531796875 0.2335434265625 0.718405875 0.24338369218749997 0.6953148296875 0.25785955625 0.6878624531249999 0.2692955703125 0.6724348546875001 0.281449525 0.64820705 0.3061337703125 0.634282475 0.3292314125 0.629369865625 0.337676890625 0.631595771875 0.3667903328125 0.6349812015625 0.377784259375 0.6347665359375 0.3908096296875 0.6364205265625 0.399318675 0.6424749421875 0.41794186875 0.6635256078125 0.436321725 0.6911146875 0.4530145 0.717044159375 0.46919758749999996 0.76343523125 0.483067909375 0.7810114875 0.48839042343749994
12 0.799705559375 0.28125572499999996 0.7968279015624999 0.274399428125 0.7874607046875 0.269561946875 0.780253896875 0.27262737812500004 0.775719975 0.2814153890625 0.769296346875 0.296779046875 0.7697136890625 0.29892609062500003 0.77460459375 0.306184603125 0.78101603125 0.3116694515625 0.7888574734375 0.310145228125 0.7964698953125 0.29985370625 0.7997272078125001 0.2813670921875 0.799705559375 0.28125572499999996
12 0.8331638921875 0.23750421562500001 0.8358485109375 0.23365324062499998 0.8378654328125 0.21994463125000002 0.8319623046875 0.2152660890625 0.825769471875 0.21230843125 0.8182398453124999 0.2121074734375 0.8131044375 0.2210124015625 0.81190076875 0.23248221406249997 0.809232453125 0.24019035312499998 0.8096995843749999 0.2425935359375 0.8160435765624999 0.24416121093749998 0.8174355484375001 0.24971662968750002 0.8213925109375 0.249701734375 0.8306591734375001 0.2479004765625 0.8326955281249999 0.24633425 0.8331638921875 0.23750421562500001
12 0.810580934375 0.177121328125 0.8038197203124999 0.179267859375 0.799185090625 0.19556601093749998 0.7987467859375 0.20262390625 0.8048114375000001 0.2338238296875 0.8054592812499999 0.23369790156249998 0.8111679140625 0.231521890625 0.812527471875 0.2208540578125 0.81804156875 0.21229166249999998 0.8244254828124999 0.1873306359375 0.8200150374999999 0.1806973765625 0.810580934375 0.177121328125
19 0.807917759375 0.296889815625 0.8177827656250001 0.25013810468750003 0.8157893078124999 0.24469960156249998 0.80922881875 0.24306183125 0.8029690781250001 0.24136560624999998 0.7967314062499999 0.242994228125 0.7867178859374999 0.24285994843749997 0.781677953125 0.2703999015625 0.7820423453124999 0.2722745375 0.7889996640625 0.26904953125 0.7979102250000001 0.2731434875 0.7991573437499999 0.279559353125 0.7971735328125 0.2982552328125 0.801750578125 0.29808859375 0.807917759375 0.296889815625
8 0.23597714062500003 0.27474737656250003 0.2097228609375 0.3004867109375 0.2106658890625 0.3053381703125 0.21846432343750002 0.324343334375 0.2677239421875 0.36528272500000003 0.2683732578125 0.3651565109375 0.2980703203125 0.340496321875 0.29113253437500003 0.316044059375 0.23597714062500003 0.27474737656250003
20 0.3283272921875 0.36782833125000003 0.3309361046875 0.36732122968750003 0.3310884578125 0.3593484953125 0.337638603125 0.34808785625 0.3439211125 0.34187295156249997 0.31570777968749997 0.333208225 0.30909141875 0.334494315625 0.30391234218749996 0.3327804953125 0.3022886046875 0.33309611875 0.2848310921875 0.35933237500000004 0.2852952109375 0.3617200515625 0.30975068125 0.3714392578125 0.3107453171875 0.3712459203125 0.314647575 0.366289559375 0.3283272921875 0.36782833125000003
20 0.10184568125 0.17951404375 0.102271471875 0.181704553125 0.10842448125 0.1877288296875 0.11476103281250001 0.1864971296875 0.1227104640625 0.18320931875 0.1242590203125 0.17833074375 0.1191022359375 0.172674840625 0.10184568125 0.17951404375
20 0.20964692031249998 0.3741165140625 0.21410220156249998 0.3761634921875 0.210050684375 0.3840613890625 0.21012384687500002 0.3844377734375 0.21215844687500002 0.38404228749999997 0.23259241562500002 0.37173707500000003 0.22837166406249998 0.359657090625 0.222490609375 0.3583033953125 0.218547140625 0.365312065625 0.2117859265625 0.36745859531249997 0.20964692031249998 0.3741165140625
1 0.2217781 0.21510683125000002 0.22223875468749998 0.2174766921875 0.22325315625000003 0.21900234218749998 0.229606415625 0.22147626250000002 0.2296707421875 0.221463759375 0.230137153125 0.21267051874999998 0.22591570625 0.21182651562500002 0.2217781 0.21510683125000002
1 0.19324430625 0.20792448125 0.19247875781249998 0.2117734890625 0.1927007140625 0.212915359375 0.19663609531249998 0.21515108437500002 0.19831148437499999 0.214825421875 0.2014085265625 0.2129957984375 0.2027342828125 0.208576671875 0.1991032875 0.20595332656249998 0.19324430625 0.20792448125
1 0.45494105625000003 0.13469853437499998 0.4561793328125 0.12925085625 0.45067696875 0.12823969531249998 0.44745776875 0.13094615625 0.447741678125 0.1328884296875 0.44834283125 0.13598110000000002 0.45494105625000003 0.13469853437499998
1 0.5826491515625001 0.2732989328125 0.579232384375 0.2770763515625 0.5804731703125 0.283459640625 0.580582315625 0.2837765359375 0.583823996875 0.283146415625 0.5886522921874999 0.28170331718749997 0.5911920609375 0.2787127828125 0.5888978578125 0.2733327359375 0.5826491515625001 0.2732989328125
1 0.5136542171875 0.29182506875 0.5150768421875 0.299143840625 0.5153431187499999 0.299641240625 0.523363684375 0.29808219999999996 0.525010284375 0.2973407890625 0.5222484125 0.2895547921875 0.516445303125 0.28860209062500003 0.5136542171875 0.29182506875
1 0.38333048125 0.325525575 0.3833271359375 0.325588646875 0.3843973921875 0.331094640625 0.3877367203125 0.33240413593749996 0.39211554375 0.331552978125 0.39359990625 0.33018767968749996 0.39249764374999996 0.3229113734375 0.3872960203125 0.3218417546875 0.38333048125 0.325525575
28 0.04686441875 0.102598459375 0.052250428125000005 0.0963337515625 0.052202632812500004 0.0960878640625 0.0452251875 0.09583746875 0.0409430578125 0.10367291249999999 0.04095739375 0.10374666875 0.04686441875 0.102598459375