8 0.4704425875 0.42587997499999997 0.4544079296875 0.42951835781250003 0.45350684843750005 0.431365846875 0.457241546875 0.4399675625 0.507476 0.48973876406250005 0.50919565625 0.490577496875 0.52800945 0.4872598640625 0.5241976625 0.47827940937499996 0.4704425875 0.42587997499999997
28 0.38241836406249996 0.0446115578125 0.338903275 0.0269484921875 0.31586438906250003 0.039916096875 0.3153921859375 0.040884253125 0.338538059375 0.054417851562499994 0.418683015625 0.1196047125 0.419750096875 0.12012516250000001 0.450995675 0.0803629046875 0.4136777625 0.05839163125 0.38241836406249996 0.0446115578125
26 0.5125359234375 0.4956835359375 0.5155047671874999 0.49713153749999994 0.5245614562500001 0.48884919687500006 0.5252238453125 0.48749109687500003 0.5229230734375 0.48416119375 0.5210836015625 0.4864057828125 0.5134449671875 0.4938197203125 0.5125359234375 0.4956835359375
16 0.20743236406249999 0.5830197390625 0.20318939062500002 0.5711061234375 0.177331221875 0.5538863359375 0.1570442453125 0.5542548 0.12851042343750002 0.5559289078125 0.12767490937499998 0.5576419640625 0.14778246718750002 0.5930938171875 0.15369449531249998 0.6054025843749999 0.17290865 0.6072337296875 0.1761939859375 0.583702015625 0.19592185 0.5882971218749999 0.20743236406249999 0.5830197390625
28 0.3824320609375 0.8444156046875 0.4200153109375 0.8712608265625 0.43695139843749997 0.8795211078125 0.4545490265625 0.886899703125 0.4315152578125 0.867706259375 0.384893109375 0.8393697078125 0.3824320609375 0.8444156046875
28 0.06972207968750001 0.7188221140625 0.07047016874999999 0.7149979703125 0.04655201875 0.7061468843750001 0.04504494375 0.7092368453125 0.0521947765625 0.7127240515625 0.06972207968750001 0.7188221140625
3 0.1571129703125 0.42956270312499995 0.15832415625000001 0.4307062265625 0.1638398390625 0.43339640468749996 0.1791768671875 0.43004817500000003 0.17480596875 0.42603128906250004 0.157130159375 0.42952745937500003 0.1571129703125 0.42956270312499995
3 0.5463753703124999 0.7312316437499999 0.5583268484375 0.7370607687499999 0.5597643156250001 0.73282930625 0.539749259375 0.7214701031249999 0.53745690625 0.726170121875 0.5463753703124999 0.7312316437499999
3 0.1688704546875 0.34842698437499997 0.1798030625 0.359475484375 0.1837092125 0.361380640625 0.18741323906250001 0.36127074062500003 0.17372823906249998 0.34810315 0.16903875 0.348081928125 0.1688704546875 0.34842698437499997
3 0.2636123359375 0.35409481875000004 0.2572715796875 0.34953606875 0.25079236875 0.35511440312500003 0.2498161703125 0.35711590625 0.2554252703125 0.3598516484375 0.2636123359375 0.35409481875000004
3 0.8331722453125 0.9125935296875 0.827379865625 0.9076738921875 0.8164988140625 0.9168163249999999 0.8164771515625 0.916860740625 0.8239620593750001 0.9205113734375001 0.8331722453125 0.9125935296875