26 0.315294065625 0.2753658078125 0.4355929109375 0.2613473953125 0.440028078125 0.259906321875 0.44612640781249996 0.25407033437500004 0.315333334375 0.269522759375 0.31390093124999996 0.2710781828125 0.315294065625 0.2753658078125
26 0.47064564999999997 0.11094263124999999 0.3525602734375 0.14476129843750002 0.353098159375 0.14900975 0.3533598390625 0.1498151140625 0.393888440625 0.138157359375 0.4016141453125 0.13185579375 0.413471575 0.13204716875 0.4732788421875 0.11437936093750001 0.47315389531249996 0.1139948109375 0.47064564999999997 0.11094263124999999
26 0.4641764859375 0.089411965625 0.43943733281249997 0.05372352968750001 0.4345829140625 0.055961814062500004 0.4354967078125 0.0587741828125 0.45791601562500006 0.09296264843749999 0.48412040312500004 0.12590020156249998 0.5244592531250001 0.1795207265625 0.5265825265624999 0.179209965625 0.5309997906249999 0.177774709375 0.4641764859375 0.089411965625
26 0.3289301890625 0.6886596390624999 0.3342365390625 0.6869355015624999 0.334665365625 0.68452136875 0.31004134375 0.6637080890625 0.2463980796875 0.5456243578125 0.24512757500000001 0.54275135 0.24026567187499998 0.5450314203125 0.241061503125 0.547480740625 0.2538032890625 0.57152685625 0.267817303125 0.598062334375 0.29016135625 0.6388258265625 0.2969006796875 0.6523069203125 0.30409339375 0.66614620625 0.3289301890625 0.6886596390624999
26 0.5698881874999999 0.41979011093749996 0.5709269671875 0.419452590625 0.6011128625 0.3261721453125 0.603382478125 0.3175992875 0.5881551984375 0.28406493125 0.5856207546875 0.28488842187499996 0.5798907468750001 0.287824425 0.5944016578125 0.31900080000000003 0.59250345625 0.32871675625 0.564489190625 0.4153213703125 0.56506745625 0.41710108906250004 0.5698881874999999 0.41979011093749996
26 0.75850636875 0.12375782500000002 0.7486235203125 0.163871234375 0.742603665625 0.1857948765625 0.73458055 0.2212599390625 0.7299081390625 0.235921375 0.7327385765625001 0.245475290625 0.7331703375 0.2468041140625 0.73368473125 0.24663697812500002 0.7380795421874999 0.23099152812499998 0.747298878125 0.198170853125 0.7567129453125 0.1597262890625 0.766795559375 0.12333930156249999 0.7636961 0.1210605578125 0.75850636875 0.12375782500000002
26 0.7040087921875 0.7310801859375 0.705990159375 0.7304364 0.7081803171875001 0.7273236 0.7075194640625 0.7242525046875 0.7039589203125 0.7226290859375 0.5968373015624999 0.73304411875 0.589568140625 0.7354060125 0.588167125 0.7359560140625 0.58838678125 0.7366320484375 0.5947315390625 0.74118460625 0.606530075 0.7391203171875 0.6696621703125001 0.7342782859375 0.7040087921875 0.7310801859375
26 0.5842243921875 0.5831511093749999 0.6102301328124999 0.4920503359375 0.6056555953125 0.4903140625 0.60040616875 0.4920197046875 0.5793729187500001 0.571331415625 0.5707672609375 0.601503040625 0.5713897 0.6034187109375 0.5755360515625 0.6036038078125 0.5780466890625 0.6027880515625 0.5842243921875 0.5831511093749999
26 0.6992515890625 0.16417912968749998 0.6962179625 0.1651648140625 0.693281128125 0.1664981828125 0.699898228125 0.1899103 0.7103831859375 0.2221796828125 0.713727578125 0.221906165625 0.7151901296875 0.221430953125 0.6992515890625 0.16417912968749998
26 0.834743153125 0.41916482187500004 0.8412055421875 0.41706506406250005 0.8413811296875 0.4147332125 0.773565396875 0.3913527484375 0.7760177015624999 0.398900165625 0.834743153125 0.41916482187500004
26 0.934633809375 0.5052506359375 0.899314865625 0.531386265625 0.8873217562500001 0.5442609328125 0.8873821734374999 0.5444468765625 0.903625934375 0.53428235625 0.923114359375 0.5206202765625 0.9525442484375001 0.49917842500000004 0.9690510078125 0.4877489265625 0.962836703125 0.4852184796875 0.934633809375 0.5052506359375
26 0.637889184375 0.471057484375 0.6329453796875 0.47140004687500003 0.617217265625 0.490411965625 0.569859325 0.512750646875 0.57001385 0.513226225 0.5746043281250001 0.5135465078125 0.5893683015625 0.5087494015625 0.6192305984375001 0.49557116562500003 0.6261903906249999 0.4900239734375 0.6381632328125 0.475012528125 0.637889184375 0.471057484375
26 0.71529421875 0.711489740625 0.7342770187500001 0.768889825 0.7403830359375 0.766905859375 0.721851821875 0.7088535359375 0.71529421875 0.711489740625
26 0.6857844828124999 0.6167137859375 0.686785625 0.619081909375 0.6924940937499999 0.6198178578125 0.6933148296875 0.619551184375 0.6875772765625 0.6049231421875 0.6820566375 0.6052406578125 0.6857844828124999 0.6167137859375
26 0.8152826875000001 0.7133130546875 0.8087635546874999 0.710881653125 0.7463426734375 0.8122978937499999 0.7528341515625 0.8154333578124999 0.7539641968749999 0.8150661828124999 0.8152826875000001 0.7133130546875
26 0.6955493703125 0.82254594375 0.6994500375 0.8212785390624999 0.7118081328125 0.76014044375 0.7113701296875 0.7577552062499999 0.7043745234375 0.758006175 0.6973478609375 0.792389203125 0.69165325625 0.8215370703125 0.6955493703125 0.82254594375
26 0.9617181046875001 0.5023901656249999 0.9629545187499999 0.5024709625 0.9631679515625 0.501666325 0.964617796875 0.5009424859375 0.9644997406250001 0.5001076921875 0.96551664375 0.4998056984375 0.9652723515625 0.4989260546875 0.9664154890625 0.4986689109375 0.9660449609375 0.4977444203125 0.967314334375 0.49753212343750003 0.966817571875 0.496562784375 0.96821318125 0.4963953359375 0.9675901828125 0.49538114999999994 0.9691120281250001 0.49525854843749995 0.9987739546875 0.45774455 0.9923137171875 0.457568809375 0.9907684968750001 0.45993208125 0.99051158125 0.459875503125 0.9899958859375 0.4611137171875 0.989610515625 0.46102885000000005 0.989223275 0.46229535312500003 0.988709446875 0.462182196875 0.9884506656250001 0.4634769875 0.9878083796875 0.46333554218749995 0.9876780546875 0.46465862343750003 0.9869073109375 0.46448888750000006 0.9869054437500001 0.465840259375 0.98600624375 0.465642234375 0.986132834375 0.46702189531249994 0.9851051765625 0.4667955828125 0.9853602234375 0.46820353125 0.9842041078125 0.46794892812500005 0.9845876125 0.469385165625 0.983303040625 0.469102275 0.9838150015625 0.470566803125 0.9824019734375 0.4702556203125 0.955369940625 0.5048560140625 0.9559187203124999 0.5052855203125 0.9544688734375001 0.5060093593749999 0.9363850234375001 0.5284023890625 0.936569590625 0.5289704265624999 0.9404829515625 0.5326697546875 0.94071096875 0.5325956671875 0.95831885625 0.509560775 0.962181909375 0.5036525968750001 0.960268259375 0.5031140046875 0.9617181046875001 0.5023901656249999
26 0.8601373875 0.47498721406250005 0.8656165578125 0.4742179453125 0.90009265 0.45897189843749997 0.8957073 0.45584718750000003 0.8606958375 0.47151994375 0.8601373875 0.47498721406250005
26 0.9957175406250001 0.49235410156250003 0.9936965140625 0.4882084203125 0.9280308234374999 0.516368890625 0.9145761718750001 0.5263011890625 0.925041859375 0.52290068125 0.9957175406250001 0.49235410156250003
26 0.8893362625 0.5390517296875 0.894905103125 0.5364840359375 0.901649740625 0.5292374640624999 0.887604871875 0.5350195609374999 0.888398109375 0.5374608921874999 0.8893362625 0.5390517296875
26 0.6132339609375 0.5584968203125 0.6183761796875 0.528011903125 0.61227196875 0.5310063031250001 0.609510490625 0.5442885734375 0.6125317156250001 0.5581247015625 0.6127081359375001 0.5586676703125 0.6132339609375 0.5584968203125
26 0.7314331000000001 0.1977653421875 0.7261690828125 0.200233990625 0.7254762312499999 0.2180677359375 0.725965259375 0.2195728109375 0.7314211109375 0.21780009687500002 0.7314331000000001 0.1977653421875
26 0.6583591921874999 0.38567308749999996 0.6582825875 0.38543732343750003 0.6564370859374999 0.38351731093749997 0.6009264515625 0.40105482343750004 0.6014033921874999 0.40252269687500003 0.6029527328125 0.404118059375 0.6136035859375 0.4006573875 0.6222889015625 0.395623746875 0.63083171875 0.3918369984375 0.649938378125 0.3884091765625 0.6583591921874999 0.38567308749999996
26 0.9349041546875 0.6323619218750001 0.9271426375 0.6333672609375001 0.9276759421874999 0.6482329234375 0.928251634375 0.6500047203125 0.9343128093749999 0.648035325 0.9349041546875 0.6323619218750001
23 0.711324153125 0.15798171875 0.7018260109375001 0.1474190640625 0.6950482171875 0.1390055765625 0.68913104375 0.137389609375 0.6759519078125 0.13105604375 0.67149996875 0.1266891953125 0.6630545171875 0.1276640015625 0.6695810640625 0.1591598578125 0.6738817796875 0.1734333015625 0.6757080765625 0.1832028703125 0.6806775421875 0.2066004546875 0.6815720296875 0.2093534 0.683953484375 0.20857961875000003 0.699917178125 0.1985903484375 0.6914131109375 0.1672315171875 0.6980526890625 0.16381041093749998 0.7071817953124999 0.1929441109375 0.713073509375 0.1778865 0.711324153125 0.15798171875
23 0.7728005953125 0.40377905312499995 0.773902109375 0.3988715515625 0.770864203125 0.38848463906249997 0.7705824609375 0.38554311874999997 0.7664942421875 0.3833328859375 0.7638173984375001 0.385466421875 0.7616939687500001 0.374782375 0.7543219125 0.364539934375 0.74555890625 0.3572769953125 0.7323797703125 0.35094343125 0.716441815625 0.3475283046875 0.7166415828125 0.3512547265625 0.7123740203125 0.352641340625 0.7126557640625 0.35558286093749997 0.710053203125 0.3579450171875 0.7089593843750001 0.36183899531249997 0.708229284375 0.3678895921875 0.7082727906249999 0.3721722953125 0.7029114109375 0.3774528890625 0.698257046875 0.37972345 0.703459509375 0.385362971875 0.707434975 0.392412190625 0.710316621875 0.4033553890625 0.71219411875 0.416394140625 0.7148529171875 0.42665148124999996 0.716561425 0.431909725 0.716141921875 0.43710113906250003 0.71688475 0.43938733125 0.7280050296875 0.4357741328125 0.7351404109375 0.42789508906249996 0.7445695859375 0.41750145937500005 0.7570366671875 0.41749474375 0.76190884375 0.40655973124999994 0.766762975 0.40801559374999996 0.7728005953125 0.40377905312499995
8 0.7353788453125001 0.31888006406249997 0.735530071875 0.3089734703125 0.7406686031249999 0.30300702031250004 0.7463783171875 0.3019100875 0.7487964046875 0.30382046093750004 0.7511666984375001 0.30368219218750003 0.75000545 0.304775646875 0.75627735625 0.310983921875 0.758131746875 0.3494185546875 0.7596609562500001 0.349128303125 0.7593384734375 0.35044069218749996 0.7581915671874999 0.35065838125000004 0.7582513843750001 0.35189820781250003 0.759015990625 0.35175308125 0.75869350625 0.35306547187500004 0.7583112046875 0.3531380359375 0.7583350015625 0.3536313 0.7599093875 0.35311975156250003 0.7722163265625 0.34305485625 0.7695883046875001 0.32874343125 0.7633852359375 0.3113810203125 0.762186853125 0.3117335390625 0.7621727765624999 0.3104585390625 0.7629717 0.310223525 0.7625581625 0.3090660328125 0.7621587015625 0.3091835390625 0.7621446234375 0.3079085390625 0.7562175390625 0.3097440953125 0.755798803125 0.30106530781249996 0.7546504406250001 0.3004018359375 0.755738984375 0.29982548124999997 0.7556791656249999 0.2985856546875 0.7569729374999999 0.29821493125 0.755619346875 0.297345828125 0.756337684375 0.29677842656250003 0.7555595281249999 0.296106 0.7557024328125 0.2953419234375 0.755499709375 0.294866175 0.75629501875 0.29405410781249997 0.7554398875 0.293626346875 0.7553800703125 0.2923865203125 0.7568876015625 0.29276629375 0.7574801875 0.2914784765625 0.7564965765625 0.288866109375 0.7552006140625 0.2886670390625 0.75600476875 0.2875599265625 0.7551407953125 0.2874272140625 0.7555129625 0.2862537421875 0.7550809765625 0.28618738593750004 0.7550571765625 0.285694121875 0.753030009375 0.2863527890625 0.7424105453125 0.29384734687499997 0.709181096875 0.314550796875 0.7149108890625 0.3321852890625 0.7182112359375 0.32723846874999996 0.7234675562499999 0.3257833421875 0.7330503359375 0.32519726250000003 0.7353788453125001 0.31888006406249997
23 0.7030234546874999 0.2250050125 0.6843959265625 0.21538663125 0.6869783234375 0.231048621875 0.6878114281250001 0.23361265156250002 0.6898006390625 0.23296631875 0.7030234546874999 0.2250050125
23 0.5883290109375 0.2677689265625 0.581817853125 0.23424602499999997 0.575452325 0.241622175 0.5724552671875001 0.245881796875 0.573003365625 0.2537918765625 0.574950109375 0.2577089390625 0.5727624703124999 0.265496896875 0.5714458015625 0.26870501562500004 0.5726547531249999 0.27968619375000003 0.571573665625 0.2919169625 0.578215621875 0.3082100015625 0.5796858921875 0.31480942968750003 0.5780643984375 0.3181165953125 0.5797044890625 0.325627628125 0.5822895375 0.33358358906249996 0.5918147125 0.329319675 0.5946273921875 0.319306590625 0.5797373718750001 0.2880006375 0.588057340625 0.2835280296875 0.5930650734375 0.2947914390625 0.5883290109375 0.2677689265625
19 0.9845500812499999 0.8418783140625001 0.9899345437499999 0.83355715625 0.9739812000000001 0.8321690734375 0.9688041984375 0.8432031312499999 0.9595031625000001 0.8467307312499999 0.9621773484375 0.8549610281250001 0.9612379265625 0.85770956875 0.963258375 0.8639278703125 0.965801825 0.86819041875 0.9713787671875 0.8709279562500001 0.9799416015625001 0.8681457234375 0.9770445671875001 0.85922956875 0.9786302484375 0.850626178125 0.9845500812499999 0.8418783140625001
28 0.9412824828125 0.864277734375 0.9512261625 0.8610468375 0.940047321875 0.8510934640625001 0.9354899203124999 0.859367053125 0.9360170015625 0.86098924375 0.9412824828125 0.864277734375
23 0.6542253046875001 0.48110444531249996 0.6692888734375 0.47052300156250004 0.6934701343749999 0.4495227546875 0.6724448468750001 0.4553432625 0.65689873125 0.460394503125 0.6450925015625 0.4634723140625 0.6351229218750001 0.46494233906250004 0.6219130109375001 0.46266286093750003 0.6203350234375 0.4702527296875 0.621635103125 0.47995857031250005 0.622358278125 0.482184271875 0.6328021046875001 0.4702460140625 0.638429840625 0.4699339828125 0.6390829984375 0.47401860156250003 0.6298766734375 0.4850980890625 0.6325045578124999 0.48816194375000005 0.6542253046875001 0.48110444531249996
23 0.7606608375 0.34314450937499996 0.7611630500000001 0.32705774375 0.760082240625 0.30921053593750003 0.7617652890625 0.29779520000000004 0.7605844562499999 0.29312376875 0.7580869546875 0.2916604578125 0.755922396875 0.2964078515625 0.756970053125 0.29859500156249996 0.749541478125 0.3058110421875 0.746226865625 0.30183291875 0.7407400015625 0.303615709375 0.734761275 0.3101079109375 0.7358293546875 0.31961832968750004 0.7331217359375 0.32580595 0.72353895625 0.3263920296875 0.719040853125 0.3281063078125 0.714281428125 0.334202334375 0.7150230484375 0.33758683125 0.7181515140625 0.34721525937500003 0.7328550984375 0.3509153640625 0.74702299375 0.35718041718750004 0.7534212984375 0.36179949843750003 0.7551611640625 0.36123418125 0.75813759375 0.355085596875 0.7606608375 0.34314450937499996
23 0.9546065671875 0.6167978375 0.956030425 0.6132389468749999 0.94195989375 0.6041619500000001 0.9267775 0.6113698078125 0.9214084250000001 0.617663921875 0.910521775 0.6207196046875 0.9115547109375 0.623898653125 0.9117794828125 0.6243311296875 0.9187981703125001 0.6210395984375 0.9361270765624999 0.6214752234375001 0.9420007421875001 0.6188084859375 0.9503675859375 0.6181751671875 0.9546065671875 0.6167978375
3 0.288173465625 0.48010948750000004 0.2919647328125 0.47887763124999994 0.2929949671875 0.4783533203125 0.2996910609375 0.45747373125 0.2957437140625 0.456734259375 0.29155043593749996 0.45834949375 0.2864354640625 0.47476046875 0.288173465625 0.48010948750000004
17 0.2938331609375 0.6758620296875 0.2937395921875 0.6792690890624999 0.293935321875 0.679871484375 0.29836514062499997 0.6838046375 0.312298728125 0.679277340625 0.3139720875 0.6766484015625001 0.30778855781250003 0.6700638703124999 0.2993277203125 0.67306571875 0.2938331609375 0.6758620296875
28 0.23412036718749998 0.5482234734375 0.24383128593749998 0.5407713625 0.2518387359375 0.53741131875 0.266626634375 0.5321009296875 0.2328986875 0.5289055046875 0.22376930156250002 0.5298497796875 0.2141634421875 0.533476421875 0.202026646875 0.5500576734375 0.1902535703125 0.5687955437500001 0.18565544375 0.5836855984375 0.18292598124999998 0.591037671875 0.1844885671875 0.59584681875 0.1857782703125 0.597547234375 0.207908590625 0.59983498125 0.20894745 0.5994974359375 0.21586131718749998 0.5801899984375 0.22388681093749999 0.5644390796875001 0.23412036718749998 0.5482234734375