24 0.16621021875 0.055923115625 0.169747709375 0.055004296875000004 0.1681407546875 0.049221096874999995 0.1571761609375 0.0390387984375 0.1481762875 0.0414662671875 0.1498854609375 0.0491999140625 0.16291400312499998 0.04900606875 0.1626953484375 0.056107321875000005 0.16621021875 0.055923115625
24 0.777736365625 0.4231031578125 0.7793721234375 0.432160821875 0.7815083281249999 0.4320488671875 0.7918143921875 0.4255190953125 0.7917599609375 0.4244804828125 0.78858446875 0.41862302187499995 0.777736365625 0.4231031578125
24 0.49157340937500005 0.4673396125 0.4813499015625 0.4712980640625 0.483110184375 0.4800069359375 0.48671512968749997 0.48348514375 0.49435438437499996 0.4830847875 0.4975088125 0.4823205046875 0.49740496093750003 0.4803389046875 0.49157340937500005 0.4673396125
24 0.3982250953125 0.4861669046875 0.394725959375 0.49154946875 0.394741078125 0.491837971875 0.3981053984375 0.49438755937499995 0.41672856718749995 0.49341156093749994 0.41632462031250006 0.4857038078125 0.3982250953125 0.4861669046875
24 0.7267506234375001 0.92558126875 0.735139278125 0.9289065624999999 0.7401825796875 0.9286422546875001 0.7443866453125 0.923737775 0.74434030625 0.9228535718750001 0.734793690625 0.9173365265625 0.7267506234375001 0.92558126875
17 0.5730336265625 0.96556575625 0.6230327296875 0.9368720859374999 0.6229302984375 0.9349175703125001 0.6214596359375 0.931734971875 0.568877184375 0.9608940734375 0.5730336265625 0.96556575625
28 0.41692972968750003 0.23601703281250003 0.413043103125 0.24893345625 0.4234597671875 0.261100278125 0.43073720312499997 0.2531739890625 0.43054377343750005 0.249483140625 0.42758766562500006 0.2403479875 0.41692972968750003 0.23601703281250003
17 0.0723139125 0.16132351250000002 0.140854746875 0.1853872796875 0.1408409640625 0.185124303125 0.1352536234375 0.18051674374999999 0.0746589640625 0.15631109999999998 0.0723139125 0.16132351250000002
3 0.393314046875 0.34394386093749996 0.41086677031249996 0.3575947109375 0.411044478125 0.35758539843750003 0.41403967656249996 0.3525389109375 0.41389401562500006 0.3497595234375 0.4016637703125 0.3415504640625 0.393314046875 0.34394386093749996
3 0.86727848125 0.524464 0.8718164359375 0.51899983125 0.8717306421875 0.5173627875 0.8554593 0.5104148765625001 0.851967278125 0.5184211078125001 0.86727848125 0.524464
3 0.014891728125 0.71763021875 0.032113312500000005 0.7216660828125 0.036539746875 0.721434103125 0.04047469375 0.7181474875 0.040443346875 0.7175493515625 0.0210610109375 0.7109505328125 0.014891728125 0.71763021875
3 0.81609594375 0.9485490765625 0.8018629328125 0.9506396125000001 0.8028964000000001 0.957919721875 0.8164328765625 0.9549781359375 0.81609594375 0.9485490765625
3 0.9497167687499999 0.929395865625 0.9385514125000001 0.926578490625 0.9385580265625 0.926704696875 0.9421194109375 0.9337056359375 0.9598507609375 0.9327763750000001 0.960644965625 0.930175909375 0.9605268453125 0.9279220562500001 0.9497167687499999 0.929395865625
3 0.5378759343749999 0.8831130828125 0.5569815953125 0.8913040828125001 0.5604484390625 0.8911223921874999 0.56412923125 0.8877132765625 0.56407815625 0.8867386906249999 0.54209476875 0.876535615625 0.5378759343749999 0.8831130828125