12 0.5367410234375 0.3489559109375 0.5397132171875 0.3493736265625 0.5860180296874999 0.33185771875 0.590360703125 0.328585278125 0.591784128125 0.318457078125 0.5859781296875 0.3079264578125 0.57983378125 0.2988127 0.57964355 0.2913607625 0.5762308109375 0.29583126875 0.530099521875 0.3268864640625 0.528469409375 0.33408256875000003 0.531181884375 0.3456015859375 0.5367410234375 0.3489559109375
12 0.62891245 0.44314869687499997 0.6220858796875001 0.43888919375 0.61512865625 0.45977451875 0.6170074875 0.47942660000000004 0.6275179140625 0.5477305671875 0.637586121875 0.542132871875 0.65233803125 0.5384309593750001 0.658880340625 0.5447130671875 0.6631278140625 0.5453100109375 0.675098503125 0.5227633328125 0.6757360671875 0.5182268234375 0.66336618125 0.44675331875 0.6530897 0.456034346875 0.649542490625 0.4394478796875 0.6379562375 0.43163186875 0.6326663 0.43625106249999995 0.6349234171875 0.44440599531249997 0.6343363109375 0.45298621875 0.62891245 0.44314869687499997
2 0.5317603546874999 0.43503798125 0.542201225 0.42426319218749997 0.542347903125 0.4232195296875 0.5299915015625001 0.428147953125 0.530975753125 0.43492771250000006 0.5317603546874999 0.43503798125
2 0.551010521875 0.48507908281249995 0.5546279562499999 0.45933969531249996 0.5383988343749999 0.4763042484375 0.5348587453125 0.4828090984375 0.551010521875 0.48507908281249995
2 0.7312681750000001 0.5225353187499999 0.7335640999999999 0.5414209984375 0.7409023359375 0.54203980625 0.7500800484375 0.544979696875 0.7572408312500001 0.550353540625 0.7586590921874999 0.550552865625 0.7673727875 0.54080985 0.7723633000000001 0.5267639468749999 0.7729176046874999 0.5228198609375 0.769532609375 0.5188377875 0.7666309921875001 0.51306734375 0.764695853125 0.500420040625 0.76348174375 0.49364922812499995 0.74708004375 0.49588174531250007 0.7397035453125 0.49113244375000004 0.733599096875 0.5059499468750001 0.7312681750000001 0.5225353187499999
2 0.8843646625 0.6297559984375 0.8918432812500001 0.6196898703125 0.8925002750000001 0.6150151234375001 0.8898236296875 0.6083043171875 0.8842488890625001 0.6083458609375 0.8765875859375001 0.5990189125 0.859959025 0.60946976875 0.86286064375 0.6152402125 0.8663499124999999 0.619030684375 0.8717946234375 0.6279893953125 0.8843646625 0.6297559984375
2 0.7573679484375 0.41940939374999997 0.75674771875 0.40739033593749996 0.747020621875 0.41056090625 0.7493249484375 0.4182790234375 0.7573679484375 0.41940939374999997
2 0.65090326875 0.3997131921875 0.6546848093750001 0.3985656859375 0.65575650625 0.3909401671875 0.648598546875 0.39201048906249997 0.648098459375 0.3993190015625 0.65090326875 0.3997131921875
2 0.640988521875 0.30516039687499996 0.6404247046875 0.28957990312500004 0.637502184375 0.2731792015625 0.637379759375 0.2731619953125 0.6291227125 0.27974128593750003 0.6296551421875 0.297966609375 0.6287832343749999 0.301969184375 0.6249582078125 0.3140183609375 0.625549290625 0.31410143125 0.6369376171875001 0.3121904546875 0.640954284375 0.30540401093749997 0.640988521875 0.30516039687499996
2 0.5919374609375 0.39615965468750003 0.5960094421875 0.389435640625 0.5963875062499999 0.386745575 0.582067453125 0.38473302187499997 0.58991354375 0.3958752109375 0.5919374609375 0.39615965468750003
2 0.5880327375000001 0.46977009374999995 0.589058725 0.46991428749999997 0.60214658125 0.46629304843749997 0.6029399093750001 0.4636200921875 0.60363730625 0.4586578546875 0.5843793515625 0.465033559375 0.5880327375000001 0.46977009374999995
2 0.6690288171875001 0.47492442968750004 0.670474640625 0.49397939218750003 0.677112478125 0.49491227968749996 0.683038278125 0.48872295 0.6835589843750001 0.4850179296875 0.6754000265625 0.47581984374999997 0.6690288171875001 0.47492442968750004
2 0.54029361875 0.5255614109375 0.5435379828125 0.548705496875 0.549434703125 0.5441715796875 0.55112063125 0.540430734375 0.552205484375 0.532711603125 0.55142396875 0.523413078125 0.54029361875 0.5255614109375
2 0.48721317812500003 0.6408441687499999 0.49549440625 0.633102196875 0.4958077828125 0.6308724078125 0.47716192343749997 0.622106084375 0.46724459375 0.6178247156250001 0.4455720890625 0.6267416703124999 0.44995591562500004 0.6381294765625001 0.45180084843749996 0.6383887640625 0.46730307812499994 0.637220965625 0.47079234531249997 0.6410114390625 0.48721317812500003 0.6408441687499999
2 0.34421728906250004 0.6103469671874999 0.33172195625 0.6156035531249999 0.334033965625 0.626571275 0.3356228671875 0.62679458125 0.33961066406249996 0.6233124203125 0.3453903875 0.6233533109375 0.34560606250000003 0.6218186984375 0.34421728906250004 0.6103469671874999
2 0.6146712875 0.6565451453125 0.6226454671874999 0.62653745 0.625655159375 0.60512238125 0.626677425 0.5964176859375 0.6166469375 0.5995456171875 0.6061616328125 0.6059097171875 0.610637603125 0.6180890890625 0.611245475 0.6313748796875001 0.61073544375 0.6548163406249999 0.6124468546874999 0.656232521875 0.6146712875 0.6565451453125
2 0.647211971875 0.5757853296875 0.6474399234375 0.5807675015625 0.63962774375 0.581319615625 0.645184440625 0.5924133406250001 0.648692296875 0.5916688031249999 0.6567329734375 0.6026991171875 0.66381068125 0.6066484359375 0.672234840625 0.6078323734375 0.676415665625 0.6079404078125 0.6846826609375001 0.604152121875 0.6886975078125 0.59440676875 0.6907272718749999 0.579964253125 0.690652640625 0.5682776453125 0.6805642109375001 0.558609584375 0.6634611593749999 0.5636311093749999 0.6555544046875 0.5670575109375 0.6495434390625 0.5658002140625 0.6471737078124999 0.5716548390625 0.6408024984375 0.570759425 0.647211971875 0.5757853296875
2 0.594002490625 0.6956185171875 0.5940877687499999 0.6950117296875 0.586045040625 0.687848421875 0.5750092609374999 0.6871224671875 0.5731900046875 0.7000671484375001 0.5761464765625 0.7032000703125 0.5780982921875 0.7034743796875 0.5833533296875 0.6981954203125 0.5904073078125001 0.7008368359375 0.594002490625 0.6956185171875
2 0.5932446296875 0.55076695625 0.6024409296875 0.5491718328124999 0.612481534375 0.5536767828125 0.6154699296875 0.554096775 0.6155779484375 0.5533281796875 0.6144623203124999 0.545086171875 0.6092478203125 0.5447658328125 0.6063653343750001 0.541060634375 0.6032166328125 0.5282427765625 0.586796346875 0.535010303125 0.5755145734375 0.5404374453125 0.5932446296875 0.55076695625
2 0.6572811453125 0.6158593453125001 0.6489170984375 0.6130736390625 0.6511184546875 0.6348336046874999 0.654546771875 0.6353154234375 0.6572811453125 0.6158593453125001
2 0.6918867296875 0.57017331875 0.69363218125 0.5819689421875001 0.6903910859375 0.598426396875 0.6920707328125 0.609042271875 0.6939702953125 0.6093092375 0.702830659375 0.6067748453124999 0.7081445343749999 0.601985325 0.7087503390625 0.5976748015625 0.706925075 0.5908498265625 0.708688025 0.584909925 0.7043454359375 0.5805870109375 0.7039846484375001 0.5743486375 0.7003439546875 0.5738369718749999 0.7019172171875 0.5670453875 0.6965130328125 0.5658733671875 0.6918867296875 0.57017331875
2 0.6998297296875 0.6498111546875001 0.6914113109375 0.6568782484375 0.7010821015625 0.6607124578125 0.7063384453125 0.6597444234375 0.7066816874999999 0.6573021203125 0.7043805921875 0.6504507375 0.6998297296875 0.6498111546875001
2 0.66608565625 0.6493021296875 0.67589784375 0.661994265625 0.67732609375 0.6621949921875 0.6776936 0.6614766234375 0.6800042234375 0.6450356828125 0.6737458671875001 0.6454285671875 0.66608565625 0.6493021296875
2 0.67131113125 0.6619821421875 0.6718425390625 0.656329815625 0.6689032 0.6530291390625 0.6654713296875 0.6554344000000001 0.6652450109375 0.6702529984375001 0.666511478125 0.6796093640625 0.667144978125 0.679698396875 0.669165290625 0.6772505921875001 0.67131113125 0.6619821421875
2 0.68554978125 0.6885964453125 0.6903365046875 0.6837879328125 0.690419834375 0.6831950171875001 0.6811402359375001 0.67426588125 0.6847247750000001 0.6884804984375 0.68554978125 0.6885964453125
2 0.5136744625 0.5831040359374999 0.5068861578125 0.582975025 0.5092761109375 0.5923861593749999 0.513189546875 0.59494715 0.514270375 0.59509905 0.51544339375 0.59220100625 0.5165578656250001 0.5842711281249999 0.5136744625 0.5831040359374999
2 0.6334516140625001 0.63946393125 0.6337506281249999 0.6373363359375 0.6244277312500001 0.626513903125 0.6205033265625 0.6346251015625 0.6237028265625 0.6483473125 0.62533355 0.6485764953125 0.62941645625 0.648253096875 0.6250350578125 0.6331994375 0.6315965015625 0.6415467921875 0.6334516140625001 0.63946393125
2 0.46406174375000003 0.823076134375 0.462261215625 0.8188268843750001 0.457160421875 0.817697503125 0.4492722546875 0.81658889375 0.4527052171875 0.8273841484375 0.4577873125 0.8317284875000001 0.4627477578125 0.8324256328124999 0.46406174375000003 0.823076134375
2 0.6440951687500001 0.64507200625 0.6537223375 0.6524086015624999 0.6538139546874999 0.6517567125 0.6486269 0.6436463453125 0.6447205375 0.6406222734375 0.6440951687500001 0.64507200625
2 0.661604675 0.6568297796875 0.6653420375 0.648319315625 0.665829203125 0.64485295625 0.6625960046875 0.6437532734375 0.6613463734375 0.656793478125 0.661604675 0.6568297796875
2 0.5849181421874999 0.7375678140625 0.581844453125 0.7412918875 0.5945050296875001 0.748382296875 0.5959312390625 0.7485827375 0.5979812531250001 0.7458973296875 0.5982077484375 0.744285728125 0.5913064234375 0.74220916875 0.585765153125 0.7376868546875001 0.5849181421874999 0.7375678140625
2 0.6472786921875 0.6595499609375 0.6391789734375 0.6606804312500001 0.6426113906250001 0.664875428125 0.6419834046874999 0.6714286015625001 0.64239994375 0.6714871421875 0.648466325 0.66735301875 0.648937065625 0.664003534375 0.648057990625 0.659659484375 0.6472786921875 0.6595499609375
2 0.6058939875 0.562218096875 0.60797600625 0.56251070625 0.6082989953125 0.5602125203125 0.6074725484375 0.5561285265625 0.607445571875 0.5561247359375 0.6015715328125 0.5606412140625 0.6058939875 0.562218096875
2 0.5713921 0.6299505296875 0.5749741203125 0.6289259406250001 0.5758024984375 0.6230317265624999 0.5716323765625 0.6205635703125 0.5687350953125 0.6295771125 0.5713921 0.6299505296875
2 0.6052297453125 0.7504567609375 0.6125927156250001 0.7619693453124999 0.6138345859375 0.7621438781250001 0.616640259375 0.7590829390625 0.6167650203124999 0.7581952140625 0.6052497578125 0.7503143546875 0.6052297453125 0.7504567609375
2 0.7066650296875 0.8000699328125 0.7092430359375 0.7905319765625001 0.702605834375 0.7985735890625001 0.7011230296875001 0.8091242921875 0.705873628125 0.8097919453125 0.7073489640624999 0.8097325640624999 0.707588646875 0.8080271375000001 0.7066650296875 0.8000699328125
2 0.784762659375 0.8519566421875 0.7882459171875 0.8403802296875 0.788788253125 0.8365213078125 0.7835288734375 0.836520328125 0.7810459828125 0.849784253125 0.784762659375 0.8519566421875
2 0.6713659671875 0.3729913546875 0.668123784375 0.376248296875 0.6660951625 0.37967579375 0.6723791234375 0.38221930312499997 0.6743006031250001 0.38248935 0.674506690625 0.3810229625 0.6713659671875 0.3729913546875
2 0.62678621875 0.6538700140625 0.6275627671875 0.658356925 0.6310864406250001 0.6588521453125 0.63728748125 0.6570784171875 0.6375896078125 0.6549286750000001 0.6367789890625 0.653211846875 0.62678621875 0.6538700140625
2 0.6174823359375 0.664375728125 0.6198672281250001 0.66989823125 0.6209886046875 0.67005583125 0.6214466437499999 0.66874860625 0.622092859375 0.6641505453125001 0.61990891875 0.65811658125 0.6174823359375 0.664375728125
2 0.6137402765625 0.7308468 0.614402996875 0.7338223625 0.6154354390625 0.7339674625 0.6194523015625 0.7278471921875 0.620492821875 0.7204435 0.6178543703125 0.723587284375 0.6137402765625 0.7308468
2 0.6283403937500001 0.7431943078125001 0.626745015625 0.7355569203125001 0.6264576828124999 0.7355165390625 0.6223053296875001 0.7400171640625001 0.628065846875 0.74514780625 0.6283403937500001 0.7431943078125001
2 0.6694528265625 0.4689355734375 0.671098740625 0.4751328375 0.6729471046875 0.4753926078125 0.6804289234375 0.473608396875 0.68067766875 0.47183848125 0.6736620359375001 0.46540202812500003 0.6694528265625 0.4689355734375
2 0.6803725796875 0.5189174046875 0.68035591875 0.5190359484375 0.683162284375 0.5194303578125 0.6867035687499999 0.518778178125 0.6868432343750001 0.5177844046875 0.6835905062500001 0.5127511375 0.6803725796875 0.5189174046875
2 0.33566138749999996 0.4455841703125 0.3357717984375 0.44479855468749996 0.3322882 0.43469381562500004 0.3191100984375 0.43820440156249996 0.3116958796875 0.435924865625 0.3091215078125 0.44356578593749996 0.3090855890625 0.44382136406250006 0.3174884234375 0.4475261265625 0.3198861125 0.4478630984375 0.33566138749999996 0.4455841703125
2 0.6373477015625 0.9090332890624999 0.6448040421875 0.9067250046875 0.6448268671874999 0.9065626015625 0.6394096171875 0.9021814703125 0.6281705750000001 0.907743528125 0.6373477015625 0.9090332890624999
2 0.809148234375 0.772773275 0.8028530093749999 0.773538584375 0.7968808515625 0.7830120328125 0.799805621875 0.786702546875 0.801417909375 0.7869291390625001 0.8111095531249999 0.7787402453125 0.8112250624999999 0.777918346875 0.809148234375 0.772773275
2 0.6495689890625 0.39005853749999997 0.6501555625 0.385884853125 0.64237036875 0.3866852125 0.6481240875000001 0.3898554703125 0.6495689890625 0.39005853749999997
2 0.9315528765625001 0.3034603421875 0.9315377046875 0.303458209375 0.9229782828124999 0.3050345546875 0.9297787468750001 0.31608393125 0.9315528765625001 0.3034603421875
2 0.9464020984375001 0.3100728953125 0.9337147390625 0.30623924062499996 0.9343985968749999 0.3211857546875 0.9463874875 0.3101768609375 0.9464020984375001 0.3100728953125
2 0.948655340625 0.30526726875 0.9417474703125001 0.29564253281249997 0.935186028125 0.28729518125000003 0.9290050515624999 0.293851703125 0.9333290546875 0.3027096265625 0.9380302437499999 0.30594853125 0.943592415625 0.30673024375 0.94857879375 0.3058119265625 0.948655340625 0.30526726875
2 0.961167146875 0.290317509375 0.952057578125 0.292286125 0.9520249375000001 0.292518375 0.9546259265625 0.2972359140625 0.9582666171875 0.2977475796875 0.962405728125 0.2972443890625 0.9626137421875001 0.2957642875 0.961167146875 0.290317509375
2 0.527487928125 0.9661748625 0.5225861187499999 0.9694357546875001 0.5261541015625 0.9754545390624999 0.5401429546875 0.9774205437499999 0.542243165625 0.9740890453125 0.5422768812500001 0.9738491437500001 0.531517290625 0.97192848125 0.527830115625 0.9662229531250001 0.527487928125 0.9661748625
3 0.795582359375 0.049616553125000004 0.808323225 0.055774628125 0.8116450640625 0.0562414828125 0.8116776015625 0.056168712499999995 0.8123165421874999 0.051622410937499995 0.795411259375 0.0442298609375 0.795582359375 0.049616553125000004