20 0.466637259375 0.052141015624999995 0.49329663906250004 0.0468990203125 0.4930322109375 0.043876596875 0.4907583 0.0384867703125 0.46812465156250005 0.0439803265625 0.45787835625 0.0463824921875 0.43124728125 0.0502181390625 0.4276638421875 0.053292153125 0.45303774687500004 0.053958206249999995 0.46020608906250005 0.053331057812500006 0.466637259375 0.052141015624999995
7 0.49223831875 0.4787205 0.500551184375 0.47799321875 0.5162915765625 0.47627105 0.5384226437499999 0.47132337343749997 0.5563640984375 0.4629928609375 0.5558387125 0.456987675 0.5463346515625 0.45482100000000003 0.534560259375 0.45233775625000006 0.48097127500000003 0.45627331875 0.46677113124999997 0.457515671875 0.44903112656250005 0.462330134375 0.4468000390625 0.47457116718750003 0.461894965625 0.47726581250000005 0.49223831875 0.4787205
3 0.5448677109375 0.492937646875 0.5440246828124999 0.4833017984375 0.5363986953125 0.48530296718750005 0.5376055875 0.49357300000000004 0.5448677109375 0.492937646875
3 0.6454718890625 0.465126084375 0.6520926265625 0.46787199687500003 0.6553658718750001 0.467585625 0.6676428859375 0.4620501734375 0.6675059671875 0.4604851859375 0.6630593671875 0.4585682796875 0.6454718890625 0.465126084375
3 0.27690483125 0.5979417234375 0.2775430171875 0.5926735609375 0.27698783437499996 0.58632779375 0.27231817343750003 0.5867363359375 0.2663391375 0.5988661015625001 0.27690483125 0.5979417234375
3 0.370057490625 0.631858246875 0.37531531406249996 0.6348175078125 0.377067575 0.6346642046875 0.398168896875 0.6268578984375 0.39798213437499996 0.62472319375 0.395684840625 0.622840359375 0.370057490625 0.631858246875
3 0.3786724734375 0.6340846234375 0.379210890625 0.6360451578124999 0.3846360734375 0.635570515625 0.39858674375 0.631633925 0.398573625 0.6314839765625 0.3908637265625 0.6287517921875 0.3786724734375 0.6340846234375
3 0.2009078828125 0.7551635703125 0.21511182031249998 0.7539208859375 0.24644280625 0.7487643390625001 0.25007395625 0.7448203546875 0.250002490625 0.7440035015625 0.2010244203125 0.7517341125 0.2009078828125 0.7551635703125
3 0.24912356562500002 0.7415344328125 0.25206711249999997 0.731746890625 0.25178313124999996 0.7285009578125 0.23985266875 0.7286371171875 0.23319184843750002 0.7429282781250001 0.24912356562500002 0.7415344328125
3 0.1472799125 0.81475180625 0.13576629843750002 0.818708978125 0.1358199171875 0.8193218484375 0.1438877109375 0.8338702078125 0.14654739375 0.833637515625 0.1588301984375 0.8313430890625 0.1587749859375 0.8307119937499999 0.1472799125 0.81475180625
3 0.3766640234375 0.96213299375 0.40844401875 0.9675713796875 0.41557463281249996 0.96694753125 0.4212822078125 0.9627549625 0.42128115624999996 0.96274294375 0.381034734375 0.9554767328124999 0.3766640234375 0.96213299375
3 0.712656440625 0.9180566015625 0.74058329375 0.9243967421875 0.7430562296875001 0.9241803875000001 0.743650265625 0.9184819296875 0.7434560203125 0.9162616874999999 0.7176386765625 0.9120997031250001 0.712656440625 0.9180566015625
3 0.2617908078125 0.5976955609375 0.266179328125 0.58827974375 0.266164221875 0.588107071875 0.2581885546875 0.590042896875 0.25508710625000003 0.5982820578125 0.2617908078125 0.5976955609375
3 0.569170165625 0.4621712234375 0.5775384484375 0.45402931718749995 0.5774137359375 0.45260384218749994 0.57323583125 0.4520282796875 0.563512471875 0.46040761249999995 0.569170165625 0.4621712234375
3 0.6227388765625 0.38574281875 0.62322656875 0.384633590625 0.6229769875 0.381780853125 0.61833654375 0.3814225671875 0.6149049046874999 0.38642820312500004 0.6227388765625 0.38574281875
28 0.59430114375 0.0686396578125 0.596134146875 0.0696713265625 0.60696630625 0.0687236359375 0.60811531875 0.068489790625 0.60808513125 0.068144753125 0.6051371750000001 0.0666878078125 0.59430114375 0.0686396578125
28 1 0.9293215625 0.9939517265625 0.9232787234375 0.980408125 0.9194445359375001 0.9736391953125001 0.90497944375 0.9607071156250001 0.90184461875 0.9728770750000001 0.9354430390624999 1 0.933070090625 1 0.9293215625
28 0.5483801390624999 0.8001129140625001 0.559040421875 0.8024426734375 0.5545171875 0.8073555953125 0.5722400609375 0.8058050437500001 0.5717720359375 0.800455484375 0.5699214671874999 0.794714921875 0.5699882703125 0.7891880687499999 0.564767790625 0.7861314312500001 0.5439933828125 0.7814241281250001 0.538268884375 0.7851873703125001 0.5376123453125 0.790263909375 0.5483801390624999 0.8001129140625001
28 0.12320019687499999 0.7647161578125 0.12314378749999999 0.764071409375 0.11629094843750001 0.7572965390624999 0.1039486078125 0.7546120281250001 0.0987049046875 0.75758034375 0.0840457546875 0.759866671875 0.081117421875 0.7641381468749999 0.1059246390625 0.7791582125 0.10627000312499998 0.779127996875 0.12320019687499999 0.7647161578125
28 0.25894453125 0.7767499859375 0.2894312171875 0.7644116671875001 0.289384090625 0.763873003125 0.28111560468749996 0.758215871875 0.22811470156250002 0.779447246875 0.25894453125 0.7767499859375
19 0.05914873281250001 0.8034946906249999 0.051545817187499995 0.80167080625 0.0359663796875 0.807434325 0.03632023125 0.8114788765625001 0.0408496203125 0.813083971875 0.0514997265625 0.8121522078125001 0.0589495 0.8108103109375 0.0594722625 0.8071926515625 0.05914873281250001 0.8034946906249999