3 0.391462940625 0.00301350625 0.377942928125 0.0095982140625 0.3784425859375 0.012905104687499998 0.3799328265625 0.013361748437500001 0.38365545624999997 0.01355684375 0.3975246296875 0.0072208515625 0.39757008437499997 0.0063535015625 0.3932104296875 0.0031050890625 0.391462940625 0.00301350625
3 0.430514025 0.0230030234375 0.43097425781250004 0.0332478046875 0.43526493750000006 0.033472668750000004 0.43550752968750006 0.028843726562499998 0.4345671359375 0.022710715625 0.430514025 0.0230030234375
3 0.45912690781250004 0.0844132953125 0.4782618171875 0.09987645625 0.47865428593750003 0.099897025 0.4820406359375 0.0963052875 0.4821699828125 0.0938372078125 0.4640226046875 0.08088443749999999 0.45912690781250004 0.0844132953125
3 0.6604806578125 0.045200017187500004 0.6538036671875 0.04323210625 0.653509259375 0.048849737500000004 0.6559109546874999 0.0591180359375 0.662341325 0.059455037499999995 0.662457721875 0.0572340421875 0.6604806578125 0.045200017187500004
3 0.54810908125 0.11941749374999999 0.54818935 0.11788588124999999 0.5469328499999999 0.113771721875 0.5317798484375 0.11398703437499999 0.52173075 0.1152077796875 0.5217211765624999 0.11539045156250001 0.524155984375 0.11949275468750001 0.5295920765625 0.11977764843750001 0.5314896796874999 0.119523790625 0.54810908125 0.11941749374999999
3 0.94939148125 0.15469933593750002 0.9792308000000001 0.1668118796875 0.9794062953125 0.1668210765625 0.9840909874999999 0.15984078906250002 0.9840935859375 0.15979121093749998 0.9524057062500001 0.1485482546875 0.94939148125 0.15469933593750002
3 0.76757400625 0.17121445156249998 0.7675658109375 0.172930075 0.7738424375 0.17325901875 0.7755536234375 0.16823025625000002 0.7756792859375 0.16583247031249998 0.7678067265624999 0.1667739078125 0.76757400625 0.17121445156249998
3 0.30921318124999997 0.6340495046875 0.328654028125 0.644355278125 0.3344195734375 0.6446574375 0.3376677765625 0.6418193640625 0.33772518749999997 0.6407239125 0.31426715 0.6275005984375001 0.30921318124999997 0.6340495046875
1 0.395634434375 0.6400423515625 0.4008301375 0.6367563421875 0.404082309375 0.62847265625 0.40412669687499997 0.627625684375 0.40020012656250004 0.6230957781249999 0.3939563625 0.6202449359375 0.3861857015625 0.620847140625 0.38198750625 0.623907828125 0.37794021875 0.63050949375 0.379235528125 0.637895875 0.382590984375 0.6393587734375 0.395634434375 0.6400423515625
17 0.521563209375 0.5302778890625001 0.5185094140625 0.53718398125 0.5188722625 0.5401051609375 0.5254045171875 0.5404475015625 0.5285234875 0.5387182453125 0.53124800625 0.530711540625 0.5312572656250001 0.5305348765625 0.521563209375 0.5302778890625001
17 0.5597431890625 0.6408197046875 0.5738986453125 0.6415615609375 0.5739502046875 0.641415996875 0.574219146875 0.6362842796875 0.5702502015625 0.632562921875 0.5720789140625 0.6361918281250001 0.5701768890625 0.6403823015625 0.5665516625 0.6389305015625 0.5628620359375 0.6258666734375 0.5550122375 0.6279789046875 0.5629396296875 0.6372270296875 0.5597431890625 0.6408197046875
28 0.1581395765625 0.588479665625 0.1559678015625 0.5925298203125 0.1604030671875 0.5932922234375 0.16450529375 0.5935072124999999 0.1720879171875 0.593122278125 0.1728738578125 0.5917691656249999 0.1729748703125 0.5898417453125 0.1608273484375 0.5886205265625 0.1581395765625 0.588479665625
28 0.27759065 0.5913834171875 0.268118890625 0.566660275 0.2605914625 0.569041759375 0.27046473125000003 0.5925241375 0.27759065 0.5913834171875
28 0.310761440625 0.3789878765625 0.3108164203125 0.3779387984375 0.30757181562499997 0.373879225 0.302236584375 0.36653348281250003 0.292077425 0.3677675984375 0.291319803125 0.3758034765625 0.296090896875 0.37978847656250003 0.2987082765625 0.37992564687499997 0.3050514234375 0.37702784375 0.310761440625 0.3789878765625
3 0.292184703125 0.21933390312499998 0.2925634171875 0.218688596875 0.2928139875 0.21390742187499998 0.2705330546875 0.20230038281249998 0.267209646875 0.20793053593750002 0.292184703125 0.21933390312499998