2 0.2987520421875 0.3026032515625 0.304957909375 0.2985538375 0.309086415625 0.2921089109375 0.2892529734375 0.27008135312500003 0.2798770234375 0.27601779375 0.27101126875000003 0.2857958421875 0.26689149687499997 0.2959860828125 0.27099216406250004 0.30625740156250003 0.274684890625 0.31605340625 0.2780639625 0.32298153125 0.2865095625 0.3259587140625 0.2961827546875 0.3229962671875 0.3014013984375 0.320450965625 0.2987520421875 0.3026032515625
2 0.4415835046875 0.2190492140625 0.44730507499999994 0.21486104843749998 0.44622189843750004 0.2089128046875 0.43934451093750004 0.21158539062499998 0.43456713125 0.212040684375 0.433126759375 0.2127432015625 0.43248616406249996 0.2154385390625 0.43380330625 0.21813907968750001 0.4383114578125 0.2206450984375 0.4415835046875 0.2190492140625
2 0.2236166953125 0.24518594062500002 0.2184224859375 0.253173259375 0.218597265625 0.258086034375 0.218650728125 0.2581956484375 0.2229269515625 0.257895959375 0.23072202812499998 0.25409404687500003 0.22820135000000003 0.24806291875 0.2236166953125 0.24518594062500002
2 0.5748957609375 0.26504695312500004 0.575108309375 0.26548274374999997 0.5836509453125001 0.27666445156249997 0.5847888921875 0.2761094375 0.5842214968749999 0.26016073125 0.5748957609375 0.26504695312500004
2 0.5283891406250001 0.2837528546875 0.529181675 0.2853777890625 0.5368632515625 0.28731525156250004 0.5387513375 0.2863943703125 0.5352437609375 0.278424403125 0.5283891406250001 0.2837528546875
2 0.45729256874999996 0.351843159375 0.45629007968749996 0.34978775156249997 0.45123731874999995 0.3452521234375 0.44553291093749997 0.3493978328125 0.4446989265625 0.35453701406250004 0.44622552656250003 0.3576670078125 0.44936233437500006 0.36128422968749996 0.4545318734375 0.3587628765625 0.4584810453125 0.3563765609375 0.45729256874999996 0.351843159375
2 0.44165573125 0.39357386875 0.43404485 0.38262850312499996 0.4194397453125 0.3815709921875 0.4238374859375 0.3937443421875 0.42681823124999996 0.39985577656250004 0.431984146875 0.401699721875 0.43753456718750006 0.4139909109375 0.4428894859375 0.41137914374999995 0.44165573125 0.39357386875
2 0.45085518281250003 0.37785220625 0.45176113281249997 0.3797096765625 0.45600945312499996 0.3789035 0.458109578125 0.3778792 0.4522590046875 0.374801565625 0.45085518281250003 0.37785220625
2 0.40769465781249997 0.269511584375 0.3975756640625 0.272060853125 0.397363246875 0.275306146875 0.3981514328125 0.2769221671875 0.4019301859375 0.276635121875 0.41062358281250005 0.27239506874999997 0.4135691296875 0.2666464125 0.40769465781249997 0.269511584375
2 0.357894965625 0.37250756093750004 0.3579321171875 0.37267691406250003 0.3596371828125 0.376172815625 0.3632879890625 0.37718888437500003 0.3652036890625 0.37625453593749997 0.3705482828125 0.367699609375 0.357894965625 0.37250756093750004
2 0.37408736249999996 0.3839714578125 0.3668911359375 0.3874812921875 0.36762175468749997 0.3889792828125 0.37319117031250004 0.39148162656249996 0.3748318921875 0.3906813921875 0.376066175 0.387096775 0.37408736249999996 0.3839714578125
2 0.5652801984375 0.45425319531249997 0.566845975 0.44970584999999996 0.555008040625 0.44593521718750007 0.549536484375 0.4496264859375 0.5480961890625 0.45603854843749997 0.5492659843750001 0.458436984375 0.5515327703125 0.4602424359375 0.5588758578124999 0.456660971875 0.560589803125 0.4565408546875 0.5652801984375 0.45425319531249997
2 0.5308509781249999 0.3998886921875 0.529008828125 0.40264633437499997 0.529902834375 0.4044793203125 0.5377552875 0.4103094546875 0.5388092453125 0.40979540468750003 0.5410502296875 0.40309508125000004 0.5308509781249999 0.3998886921875
2 0.53474328125 0.4685675640625 0.5289586203125001 0.46695761406249997 0.5160724546875 0.472220003125 0.5136277125 0.48160464375 0.5148910718749999 0.4841949171875 0.522569671875 0.4889920359375 0.52358508125 0.48849678750000003 0.5319220625 0.476760978125 0.53474328125 0.4685675640625
2 0.669509803125 0.6975884296875 0.6777580828125 0.6809532578125 0.6784025828125 0.685070234375 0.6710499421875 0.6988824765625 0.6853236515625001 0.7011242328125 0.6895952000000001 0.6986999890625001 0.691377740625 0.6893088171875 0.6940733906250001 0.68458535625 0.685996809375 0.6745488671875 0.6834092578125001 0.6683117484375 0.6734333015625 0.6748817 0.6600282046875 0.6725571609375 0.659983709375 0.667806675 0.6653305125 0.6536092609375 0.65723564375 0.6500582390625 0.6475553234375 0.6544387765625 0.6433378234375 0.6513827265625001 0.6332641406249999 0.6447063875000001 0.609407021875 0.67406755625 0.6152091578125 0.6831681406250001 0.6165426546874999 0.6961525796875 0.6219148484375 0.7071672109375 0.613344728125 0.7147558468749999 0.6118578218749999 0.7219576015625 0.6195855375 0.725687696875 0.6203730796875 0.73382535625 0.6255394484375 0.74255428125 0.6305194484375 0.7562144703125 0.63710691875 0.7530015453125001 0.6390605625 0.7516396453125 0.657687709375 0.7292606234375001 0.6647351640625 0.7278685734375 0.669509803125 0.6975884296875
2 0.46961394375000004 0.7697063296875 0.48388765312500004 0.7719480859375001 0.4856510890625 0.783018475 0.479812378125 0.786888815625 0.4902721875 0.78289505625 0.4973827421875 0.7794270078125 0.5060416734375 0.7717098390625 0.509865809375 0.7637090109375 0.5034724078124999 0.7589872546875001 0.4894855953125 0.75081076875 0.4749432734375 0.7480182828124999 0.4623710328125 0.744605796875 0.465487884375 0.7342229687499999 0.48850178125 0.730156625 0.5015850359375 0.7234346234375 0.51359385 0.714509696875 0.51197345625 0.707459990625 0.5060370171875 0.698084040625 0.49711802968749996 0.6993662859375 0.48793043281250004 0.7000977984375 0.47636984531250004 0.7006232140625 0.4725902046875 0.7133745296875 0.467763146875 0.721182775 0.46429742812499997 0.7252592124999999 0.4638500171875 0.7196826265625 0.45903251406249995 0.717260090625 0.4557551484375 0.7161316046875 0.4560062859375 0.7091917015625 0.448278571875 0.70546160625 0.4295894546875 0.7155995078124999 0.435463109375 0.7267104343749999 0.4353462765625 0.7339257015625 0.42567469375 0.7420515546875001 0.42064181093749997 0.7475740921875 0.42272805 0.75503145625 0.42816572343750003 0.7661803390624999 0.4303475234375 0.7684056015625 0.4406540546875 0.7746275015624999 0.45225040468750005 0.7751072578125 0.46961394375000004 0.7697063296875
2 0.7021866109375 0.7189250953124999 0.7057063765625 0.7093683640624999 0.6965187796875 0.7100998765625001 0.7023034421875 0.7117098281249999 0.70117495625 0.7149871921875001 0.6901698734374999 0.710128609375 0.6778100015625 0.7148626140625 0.6813233578125 0.7220660640625 0.6879573953125 0.7214338265625 0.687903346875 0.7269141203125 0.698595321875 0.726471484375 0.7021866109375 0.7189250953124999
2 0.6689765953125 0.7236353578125 0.6635495359375 0.7320771140625 0.6639658078124999 0.73637845 0.66585193125 0.7402455765625 0.6702075875 0.7403341515624999 0.6751056359375001 0.7379452140625 0.6879875546875 0.7225439921875 0.6689765953125 0.7236353578125
2 0.5392684265625001 0.6251380734375 0.5459467671875 0.621880828125 0.546480496875 0.6214841625 0.5414214078125 0.6157707484375 0.5312483640625 0.623800309375 0.5392684265625001 0.6251380734375
2 0.48525063749999997 0.6408472265625 0.4789797453125 0.6462426265625 0.47527574375 0.652474646875 0.475556478125 0.6530502359375 0.48591928125 0.6546350703125 0.48757300781249996 0.6538284937500001 0.48548055156250003 0.6413186234375 0.48525063749999997 0.6408472265625
2 0.69688830625 0.510016028125 0.69720381875 0.5030958625 0.690282640625 0.50106874375 0.6895478796875001 0.5014271109374999 0.6881698 0.5044218140625001 0.68955046875 0.5072526046875 0.696097596875 0.510401684375 0.69688830625 0.510016028125
2 0.6558158828125 0.9086364250000001 0.642661925 0.8993719859375 0.6368406828125 0.9107329609375 0.635693371875 0.9172215625 0.6366012484375 0.9190829859375 0.6455172703125001 0.9201359374999999 0.65883745625 0.9197237890625001 0.6607650171875 0.9187836546874999 0.6558158828125 0.9086364250000001
2 0.40143922656250003 0.48027212031250005 0.398430796875 0.474103925 0.39298369375000003 0.4730579453125 0.3974510109375 0.482217303125 0.40143922656250003 0.48027212031250005
2 0.4132017015625 0.06896959375 0.404206528125 0.066997228125 0.40604823124999995 0.07568879375000001 0.40662318593749996 0.0768676265625 0.412943215625 0.07655836875000001 0.415311909375 0.0754030796875 0.4136115171875 0.0698098390625 0.4132017015625 0.06896959375
2 0.437860728125 0.37037081875 0.43287708125 0.3837636109375 0.433034503125 0.384086371875 0.43509203125000007 0.3838902859375 0.4394900171875 0.3817452453125 0.44098550156250005 0.377709403125 0.437860728125 0.37037081875
28 0.788441059375 0.164665675 0.7884354796874999 0.16465423437499999 0.7831886875 0.1604080265625 0.776705475 0.160161390625 0.7650821015625 0.1624217828125 0.76062980625 0.1682377875 0.765211353125 0.17763135000000002 0.7686265531250001 0.1794920578125 0.77988534375 0.1740007796875 0.7838776828125 0.1692754890625 0.788441059375 0.164665675
3 0.41656175156249997 0.6247657359375001 0.41700043750000004 0.6256651765625 0.42239387187500005 0.6230346234375 0.420353903125 0.6098152765625 0.4183393296875 0.6056847875 0.41356632187500003 0.6080127390625 0.41656175156249997 0.6247657359375001
2 0.7040592609375 0.0673236765625 0.691535265625 0.06578062812499999 0.6936917546875 0.0702020859375 0.6975220015625 0.0725573359375 0.7110183921875 0.0737295140625 0.711439090625 0.07352432656249999 0.7040592609375 0.0673236765625