12 0.230864465625 0.6250847828125 0.23642823750000003 0.627847578125 0.24766515937500003 0.6434882046875 0.2480112015625 0.6434821640624999 0.2539907875 0.641284590625 0.2539497796875 0.63893520625 0.2473490296875 0.6215285703125 0.2478048390625 0.61253231875 0.233891615625 0.5878530765625001 0.2264685015625 0.583897059375 0.220427534375 0.5889052109375 0.217287809375 0.5977440328125 0.21729415156249998 0.5981073515625 0.230864465625 0.6250847828125
28 0.233533365625 0.364571653125 0.2332832796875 0.361654815625 0.22643717031250002 0.3556459296875 0.2166418703125 0.3562254671875 0.2204746265625 0.3651468625 0.22745613750000002 0.3656735875 0.2335507421875 0.36556720625 0.233533365625 0.364571653125
4 0.42890541249999997 0.3662786140625 0.4250843015625 0.362412934375 0.4069291921875 0.3609781359375 0.4036394671875 0.3610355578125 0.399702028125 0.3653073375 0.3966815453125 0.3678114140625 0.40009390468749995 0.370203203125 0.406291715625 0.3741806109375 0.42180321562499995 0.3747831515625 0.42812214375 0.374672853125 0.42896512031249995 0.3696992625 0.42890541249999997 0.3662786140625
6 0.3846676109375 0.436143215625 0.3952242953125 0.43931934687499996 0.40029951874999997 0.4392307578125 0.401714921875 0.42971726875 0.3984805609375 0.419968309375 0.3942133859375 0.42126847031250003 0.3837911765625 0.42104183281249996 0.3742023953125 0.41589793906250005 0.36940098906249996 0.4217015734375 0.37724449843749996 0.4321871984375 0.3846676109375 0.436143215625
4 0.91490855625 0.4553278515625 0.9120160484375001 0.45217704531249997 0.9059871921875 0.45228227812500005 0.894677478125 0.46543611562500004 0.8938868265625001 0.4728039796875 0.8962886749999999 0.4758926375 0.8986103703125 0.4758521125 0.9009750984375 0.47513160625 0.9061826375 0.47504070781249996 0.915069890625 0.4645706703125 0.91490855625 0.4553278515625
1 0.8955327625 0.470548603125 0.8967738734375 0.47588416875000006 0.8973273125000001 0.4758745078125 0.9010894046875 0.472902965625 0.8991801578124999 0.46885070000000006 0.8955327625 0.470548603125
4 0.8741840046875 0.566718109375 0.8853044156250001 0.5718352671875 0.9096585078125001 0.5741117609375 0.9107306578125 0.5740930468750001 0.9106891484374999 0.5717149312500001 0.9093615765624999 0.56324416875 0.8806807796875 0.552713703125 0.8748534578125 0.5524068609375 0.86535735625 0.552572615625 0.8595229062499999 0.5518573375 0.8605630812499999 0.5587846828125 0.8741840046875 0.566718109375
28 0.44713874374999996 0.6087516187500001 0.45191903125 0.6086681796875 0.47310285937499996 0.5855110390625 0.4693271390625 0.57985711875 0.46104921093750006 0.5795930515625 0.450342065625 0.5805970640625 0.45266434375 0.5732024671875 0.4410097015625 0.57258878125 0.4441516140625 0.5945961234375 0.44713874374999996 0.6087516187500001
23 0.48420473125 0.8590313265624999 0.47775049843749995 0.857918309375 0.4559516890625 0.87300693125 0.44752427812500006 0.8817337703125 0.43481543437500003 0.8909439015625 0.41615117343749997 0.9100634 0.417248384375 0.9202582203125 0.4192503109375 0.9296201343750001 0.4230901953125 0.9389499640625001 0.43972447499999995 0.9439708781249999 0.45787612343750006 0.9481481890625 0.48001713749999997 0.9526644234375 0.49416516250000003 0.955685940625 0.503953334375 0.9546979703125 0.5223328875 0.954377153125 0.5334176515625 0.957452140625 0.5444670015625 0.9760529828125 0.556748746875 0.9975228734374999 0.5602719578124999 0.997461375 0.5664573140625 0.9947565078125 0.5664412578125 0.9938366765625 0.5596908484374999 0.988044021875 0.563501984375 0.97817208125 0.5517116546875 0.9522301093750001 0.540783265625 0.9230046203125 0.518948115625 0.883346975 0.515984434375 0.8715504984375 0.5153359046875 0.8519509859375001 0.48420473125 0.8590313265624999
28 0.56633624375 0.8817129093749999 0.5699903953125001 0.83904985 0.5697663859375 0.8262163203125 0.533539246875 0.8327578250000001 0.5658016453125 0.881722240625 0.56633624375 0.8817129093749999
28 0.065354140625 0.8463900078125001 0.0510546125 0.8417107515625 0.048718073437499995 0.8482884796875 0.0442515109375 0.8557205046874999 0.0463104734375 0.8683498921874999 0.0493907328125 0.8719833703125 0.050578895312500004 0.8719626312500001 0.0653902125 0.8484565390625001 0.065354140625 0.8463900078125001
28 0.328898259375 0.3873439796875 0.330739521875 0.3826981875 0.33071359375 0.381212765625 0.306009646875 0.38522575468750003 0.3213651984375 0.38747546875 0.328898259375 0.3873439796875