7 0.333398734375 0.671756578125 0.3425719046875 0.659494046875 0.33949219375 0.6474370859375 0.33260097499999997 0.6344765890625 0.2928126625 0.5698260625 0.28264231562500003 0.5650554062500001 0.272687946875 0.5652590749999999 0.264380840625 0.569213390625 0.258792934375 0.579586953125 0.2598244203125 0.595231290625 0.29949818437500003 0.66527865625 0.30875804218749997 0.6774731953125 0.3194393453125 0.679178915625 0.333398734375 0.671756578125
7 0.366863475 0.646884496875 0.3732392203125 0.641927221875 0.37659441718750003 0.62996490625 0.3715518109375 0.614542571875 0.36933293906250003 0.61036948125 0.31944866875 0.5335834203125 0.3094701 0.5291734453125 0.2965401109375 0.5309592796875 0.28884265 0.5373653484375 0.28472275156250004 0.551087165625 0.2850351015625 0.5516746109375 0.3399382015625 0.6439035468750001 0.3483724375 0.6486720078125 0.3601732875 0.6504417328125001 0.366863475 0.646884496875
7 0.4058613484375 0.642075725 0.410295796875 0.6397178875 0.419482421875 0.63208628125 0.42136191093750003 0.62322186875 0.41194726875 0.6006537078124999 0.40695110156250003 0.5912572828125 0.3590381671875 0.5171019921875 0.3509874859375 0.51305489375 0.3396805609375 0.5139777296875 0.3272612578125 0.5252076999999999 0.32363555 0.53731385 0.37196963906249997 0.6138600656250001 0.379448965625 0.6279266328124999 0.38920542343750003 0.64170773125 0.398146371875 0.6448188140625 0.4058613484375 0.642075725
7 0.46550820000000004 0.6191281703125 0.46245998125 0.6068694031249999 0.45220692500000004 0.591501746875 0.42933850468749996 0.5368437703125 0.42214304687500004 0.523311084375 0.41496775937499997 0.520159884375 0.40443805624999996 0.5192815093750001 0.392727353125 0.5259708515625 0.3851671390625 0.537855759375 0.40887280312499996 0.59418625625 0.424273521875 0.6290241078125 0.43504339999999997 0.639490453125 0.45574692656250004 0.631477859375 0.46405723906249996 0.6270591875 0.46550820000000004 0.6191281703125
7 0.49613528437500004 0.5982227328125 0.49352515312499995 0.5815671703125 0.45977471249999996 0.5042242781249999 0.44957913749999995 0.48504919218750003 0.44664870937499995 0.4829639546875 0.4326124765625 0.48071147812500004 0.419662265625 0.48898518125 0.4151564 0.4987834109375 0.45229047656250004 0.5914631046875 0.462509221875 0.60546105 0.47209412500000003 0.6123936 0.47831156718749995 0.6124014640625 0.491997003125 0.6051247890625 0.49613528437500004 0.5982227328125
7 0.5097462046875 0.5709124015625 0.520397565625 0.565248971875 0.5209146203125 0.5649162171875 0.523605640625 0.55562030625 0.525547334375 0.5447193375 0.522689309375 0.5393441765625 0.47556841875 0.45809694062500006 0.47120195625 0.44792704843750003 0.46155240781250007 0.44935659531249994 0.453663171875 0.45540198125 0.4487293296875 0.46635307499999995 0.48017869687500003 0.5509517515625 0.4833258734375 0.5562181390625 0.49405133125 0.5685587062499999 0.5033758328125 0.5723911515625 0.5097462046875 0.5709124015625
7 0.5472239546875 0.5596771875 0.548445109375 0.5591840328125001 0.5605390671875 0.5527535609374999 0.5654713421875 0.547661625 0.5658852296875 0.538651184375 0.5641418453125 0.5307715921875 0.5507772375 0.505636421875 0.5077321953125 0.43123900312499996 0.49898302499999997 0.4284886 0.48628923593750006 0.4287608921875 0.478355575 0.436680503125 0.4722099875 0.4477345890625 0.47486992656250004 0.45273720468749995 0.52658855 0.5456660640625 0.534968253125 0.5555526828125 0.5398172265625 0.5594515546875 0.5472239546875 0.5596771875
7 0.6107259265625 0.5543829859375 0.6135672296875 0.5528722375 0.616906878125 0.5466724140625 0.6146888781250001 0.5326468531249999 0.6082681984375 0.5205713109375 0.5562264234375001 0.43320166718750003 0.5483332062499999 0.428145540625 0.5380295937499999 0.42899755781250004 0.525192425 0.43813645625 0.5195156734374999 0.4522584671875 0.563339921875 0.5275013984375 0.57715801875 0.5502265109375 0.5864279906250001 0.5591771171875 0.603775 0.5513415015625001 0.6107259265625 0.5543829859375
4 0.5482756156249999 0.4062407125 0.54725208125 0.412799403125 0.5535020078125 0.425206396875 0.5934018625 0.4969841546875 0.607490471875 0.51956543125 0.6173115734375 0.5249844375 0.621688146875 0.53191039375 0.6286809843750001 0.5411464671874999 0.6342183359375 0.5469925796874999 0.6431188390625 0.5630794 0.65191069375 0.5607989078125 0.6554722640625 0.5589051875 0.6585480718750001 0.551636975 0.6495244140625 0.5379288921875001 0.6465549296875001 0.525165609375 0.6406885578125 0.513479975 0.6378879578125 0.49307272187500006 0.6324660375 0.4828755734375 0.62899625625 0.47713297656250003 0.6078461875000001 0.4425762015625 0.5910929125 0.40845751718749995 0.5787201921875 0.39236630156249996 0.5690121328125 0.3878124953125 0.56497866875 0.3945836375 0.558698409375 0.3919084453125 0.5533669234375 0.39428059531250004 0.5521415000000001 0.40372253437500005 0.5482756156249999 0.4062407125
7 0.6846996937500001 0.5321685281249999 0.694845840625 0.532325540625 0.7075530734375 0.5294436890625 0.71098179375 0.52762060625 0.7159456921875 0.5211065500000001 0.6881793640625 0.42457480625 0.683732040625 0.41621060625000006 0.6804852390625 0.41134418437500003 0.6766395765625 0.40737449375 0.6666953171875 0.4043342296875 0.65395710625 0.40648074375 0.6454138 0.41194860312500003 0.6469379109375 0.41807798749999997 0.645014 0.4288166234375 0.6693069296874999 0.519533703125 0.6756113890625 0.5268225390625 0.6846996937500001 0.5321685281249999
7 0.5555940046875001 0.6370234781249999 0.55967335 0.639926265625 0.560515315625 0.639478584375 0.562695909375 0.6360232359375 0.571126746875 0.6338363859375 0.5765859171875001 0.6309336937500001 0.5834122046875 0.624082884375 0.63040236875 0.5995604218749999 0.6350797890625001 0.5966107421875 0.633951146875 0.5888431734374999 0.6179542812500001 0.55875744375 0.6165318953125001 0.5565065078125 0.6070156124999999 0.5523133796875 0.5455067046875001 0.5808543859374999 0.5257250984375 0.5899845 0.5182880359375 0.59949066875 0.51937405625 0.6100168499999999 0.5256926078124999 0.6251632640625 0.5349867765625 0.6387275125 0.5423833921875 0.64219708125 0.5555940046875001 0.6370234781249999
7 0.46550935000000004 0.6829155890624999 0.5167148109374999 0.6556891625 0.51697674375 0.655202903125 0.534559953125 0.6458537453125001 0.5327123359375 0.6413999984375 0.5169112265625 0.611682434375 0.510105240625 0.607039615625 0.47205204843750004 0.6235716453125 0.4663268953125 0.6284663687500001 0.43662522968750006 0.6391698625 0.432704809375 0.6468062 0.42807181562499996 0.647881653125 0.4385206265625 0.6747115046875 0.44665402031249996 0.6893555984375 0.46430585156250004 0.6827458625 0.46550935000000004 0.6829155890624999
7 0.37947693125000004 0.728804415625 0.3906021890625 0.724276965625 0.39829965 0.7178708984375 0.41858796875 0.7070834078125 0.442581909375 0.6915511875 0.4322348921875 0.6720912765625 0.42144474687500005 0.6569860578125 0.41083630937500004 0.6566121984375 0.36971865312499996 0.67847484375 0.3278642203125 0.6891629640625 0.326642775 0.7097064171875 0.333029946875 0.7275922515625 0.3403619171875 0.7394239125000001 0.34683395625 0.742459784375 0.3714161375 0.728001253125 0.37947693125000004 0.728804415625
28 0.32878490625 0.6905355984375 0.3253831453125 0.6841378171875 0.31997503125 0.6859090343750001 0.3134827703125 0.68936103125 0.307028796875 0.7052842515625 0.31396710156249996 0.719638484375 0.3202473640625 0.722313675 0.3250822484375 0.7183549671875 0.3276057125 0.720847440625 0.331060203125 0.7190106546874999 0.3277288453125 0.71093328125 0.32878490625 0.6905355984375
24 0.35754519375 0.6273880015625 0.35360057500000003 0.6304106953125 0.3556657046875 0.6362524125 0.366922278125 0.6433139484375 0.36830420468749997 0.6425791656250001 0.3728007140625 0.6345439859375 0.36860580625 0.6312226437499999 0.35754519375 0.6273880015625
24 0.40579480468750007 0.629021125 0.3990064734375 0.636386540625 0.4002470390625 0.6397519843749999 0.4029337078125 0.6383234578125 0.4080613125 0.6332838062499999 0.40579480468750007 0.629021125
24 0.47813230156250003 0.5953294546875 0.46911115781249996 0.6005512203125 0.47165458437499996 0.607092840625 0.48009926406250003 0.602602725 0.48093440625 0.600599446875 0.47813230156250003 0.5953294546875
24 0.50787671875 0.5547524765625 0.50061978125 0.5547432953125 0.5017159140625 0.562025540625 0.5096636625000001 0.5619635078125 0.509449296875 0.5577100640625 0.50787671875 0.5547524765625
24 0.5457737796875 0.549477646875 0.547230690625 0.550981546875 0.5533627046875 0.5477210968749999 0.5548415343750001 0.5465623546875 0.5539911390625 0.544962990625 0.551234484375 0.54278039375 0.5447354390625 0.5475248125000001 0.5457737796875 0.549477646875
28 0.3902191671875 0.38006574375 0.387097028125 0.37419385625 0.38375644375 0.3715656375 0.3788085140625 0.37465915 0.3720558546875 0.37501104218750003 0.370899053125 0.38719240625 0.37074086875 0.391764228125 0.376749328125 0.3885694734375 0.37803526875000004 0.3875618703125 0.3866906265625 0.3832835921875 0.39038308125 0.38132027968750004 0.3902191671875 0.38006574375
28 0.331727575 0.405406271875 0.33289781406249996 0.40871657343749995 0.333218534375 0.4093197609375 0.3493231015625 0.4120004609375 0.3708607609375 0.400548684375 0.3608297078125 0.389007090625 0.3398288125 0.3932336953125 0.331727575 0.405406271875
28 0.324972271875 0.40428486875 0.322137871875 0.4224473890625 0.32840802187499996 0.4283665140625 0.3248711578125 0.43672421406249995 0.3353443359375 0.44066879062500003 0.3385760328125 0.43895046718749997 0.3455672296875 0.43127173125 0.34340404062499996 0.421819490625 0.342700859375 0.42049700156250003 0.324972271875 0.40428486875
28 0.58831124375 0.3405446640625 0.58430671875 0.315752234375 0.583517346875 0.31426764218750003 0.5785183171875 0.35084081875 0.5819074015625 0.3520402609375 0.58385953125 0.3510022953125 0.58831124375 0.3405446640625
28 0.7941157703124999 0.8161099390625 0.7883080578125 0.7992692578125 0.786107409375 0.795130440625 0.78400415625 0.797341771875 0.79019955 0.8148669249999999 0.7935222484375 0.8164255203125 0.7941157703124999 0.8161099390625
1 0.6476615078125 0.546269784375 0.63760818125 0.5534658375 0.64270744375 0.56370874375 0.6433216125000001 0.5635961625 0.65666320625 0.5565023109375 0.6581785703125 0.5512030765625 0.6559012125 0.5469199890625001 0.6539175703125 0.54433133125 0.6476615078125 0.546269784375