17 0.4113089671875 0.14111360781249999 0.409863528125 0.14372125 0.413427309375 0.164386965625 0.41750520937499996 0.1666473828125 0.41505514374999997 0.138981771875 0.4113089671875 0.14111360781249999
3 0.8804108328125 0.7929669046875001 0.9428037437500001 0.6715700874999999 0.938615796875 0.6692486718749999 0.876366534375 0.7872673890625 0.8804108328125 0.7929669046875001
3 0.5268851609375 1 0.5374684203125 0.9956874765625001 0.5583917125 0.978006103125 0.5585551921875 0.977711178125 0.550874371875 0.961625828125 0.544003415625 0.969342940625 0.537458528125 0.9853088218750001 0.5342576515624999 0.9827661609374999 0.5352637140625001 0.9767925765625 0.5194230109375 0.9902950390624999 0.5185086328125 0.991944621875 0.5205055421875 1 0.5268851609375 1
17 0.0957968078125 0.7389549640624999 0.0617374203125 0.7814261171875 0.058995009375 0.7863735578125 0.061912003125000004 0.791247746875 0.0689940109375 0.7909472625 0.105294053125 0.74729290625 0.0957968078125 0.7389549640624999
17 0.2890017546875 0.6099260859375 0.2905490109375 0.61078374375 0.2946958703125 0.609634265625 0.29811690625 0.6034625546875 0.2912783734375 0.6058189578125 0.2890017546875 0.6099260859375
17 0.43041714999999997 0.6985142046874999 0.42743579531250003 0.7018134125 0.42458904531249997 0.7069490843749999 0.4268710390625 0.7095726578125 0.4277923859375 0.71008336875 0.4304652953125 0.7062247234375 0.43041714999999997 0.6985142046874999
17 0.50539933125 0.6578509078125 0.5069321046875 0.6394909625 0.491683846875 0.643919321875 0.49030484999999996 0.6464070984375 0.491995609375 0.663493221875 0.49411729531250004 0.6646692921875 0.5040003125 0.662454103125 0.50539933125 0.6578509078125
17 0.565434371875 0.6945759828125 0.564725928125 0.6958540515625 0.5667945765625 0.6978090046875 0.569304034375 0.69920001875 0.57207454375 0.6908620140624999 0.565434371875 0.6945759828125
17 0.4949001703125 0.9926375265624999 0.49553755468749994 0.9844700140624999 0.4889719171875 0.987217803125 0.4880759296875 0.9888342078125 0.48824277499999996 0.99370026875 0.49013093437500005 0.9947468921875 0.4946939515625 0.9930095546875 0.4949001703125 0.9926375265624999
17 0.6735619875000001 0.9383967921874999 0.677557878125 0.9275492406250001 0.6698432390625 0.9232729453124999 0.65251764375 0.954009325 0.646931034375 0.969113690625 0.649909365625 0.97076460625 0.6642961015625 0.9759058906250001 0.668407278125 0.9747270312499999 0.6762554140625 0.9564100218749999 0.6735619875000001 0.9383967921874999
17 0.3976082890625 0.214572534375 0.40178154218750006 0.21688580625 0.4040585375 0.2174564203125 0.40179658281249997 0.2069820015625 0.3967941015625 0.2061300390625 0.3976082890625 0.214572534375
28 0.5663830703125 0.634852025 0.578668196875 0.614768371875 0.5866984953125 0.5992416796875 0.5894010234375 0.6011239078124999 0.5912312515625 0.5952229703125 0.5699362906250001 0.5619042546874999 0.5672915328125 0.5692746484375 0.582999265625 0.5960385890625 0.5653096015625 0.6300308859375 0.550033078125 0.6019692015625 0.5658061171875 0.568835459375 0.5681154328125 0.5605107453125 0.5630460734375 0.5665371578125 0.5470333562499999 0.5964645140625 0.533462928125 0.577800746875 0.5310159624999999 0.5794081359375001 0.530503971875 0.5803317906250001 0.54520339375 0.6112020015625 0.5602821296875 0.6316719203125001 0.5649667609375 0.634268653125 0.5663830703125 0.634852025
3 0.8052876015624999 0.7549752359374999 0.8151759296875 0.760456425 0.8390254562499999 0.7240004671875 0.8327866046875 0.71862125625 0.8267874281250001 0.7164484343749999 0.8257812359375001 0.718003740625 0.8126401124999999 0.74171095625 0.8124516609375 0.74231084375 0.80910739375 0.751982834375 0.8059270109375 0.7538217125 0.8052876015624999 0.7549752359374999
3 0.5954553390624999 0.9436825921875001 0.6185293015625 0.9712352609374999 0.62068424375 0.9724297640625 0.6250395328125 0.967765209375 0.6319487453125 0.9573799609375 0.6063414468749999 0.9282021328125 0.5954553390624999 0.9436825921875001
17 0.2924005375 0.4673924546875 0.28635549375 0.46966891093749996 0.286227821875 0.469899234375 0.28671730625 0.47467299062499996 0.287620234375 0.47517349218750005 0.293042796875 0.4735113390625 0.2924005375 0.4673924546875