20 0.634323121875 0.0640477 0.6338260515624999 0.0582189921875 0.6106025703125 0.05644949375 0.6001154546875 0.055567809375 0.5736025171875 0.050986271875 0.5692445421875 0.0528024890625 0.5931707375 0.0612769109375 0.6001820343750001 0.062895596875 0.6066661843750001 0.06375114062500001 0.633640628125 0.067003909375 0.634323121875 0.0640477
7 0.5228268593750001 0.4824668015625 0.545403671875 0.48460015624999997 0.5650412765625 0.48222158281249994 0.5663973109375 0.47634795937499996 0.5580279515625 0.4713504125 0.547597203125 0.4653502203125 0.49541489375000003 0.45253325625 0.481525846875 0.4493267171875 0.46316634843750004 0.44842358125 0.457261771875 0.4593760515625 0.47078520937499996 0.4666033984375 0.4991939296875 0.47736350156249996 0.5073246765625 0.47924063281249996 0.5228268593750001 0.4824668015625
3 0.53915885 0.4972701078125 0.5377510921875001 0.5055083265625 0.544854115625 0.5071481875 0.5470299890625 0.4977234421875 0.53915885 0.4972701078125
3 0.6577783171875 0.5171827921875 0.671165 0.515712071875 0.671518390625 0.5141813703125 0.6678817796875001 0.5109842078125 0.6491286203125 0.5117862203125 0.6545767828125 0.5164436593749999 0.6577783171875 0.5171827921875
3 0.261226071875 0.5131880625 0.2566587125 0.5121336046875 0.2472240078125 0.521822071875 0.2575582296875 0.524207915625 0.25979313125000003 0.51939480625 0.261226071875 0.5131880625
3 0.3414707875 0.5900850609375 0.36395161875 0.5891814890625 0.36443365625 0.587093553125 0.3628306296875 0.5845929671875 0.335670890625 0.5852502 0.339756915625 0.5896893828125 0.3414707875 0.5900850609375
3 0.3483887921875 0.5932858078125001 0.3628731421875 0.5938528828125 0.362907003125 0.5937062203125001 0.3564187453125 0.58872526875 0.3431762375 0.5900297875 0.3430824640625 0.5920607453125 0.3483887921875 0.5932858078125001
3 0.1819803703125 0.6582354640625 0.18665255625 0.6556066 0.1868370109375 0.6548076421875 0.1378672078125 0.6470248328125 0.1366966140625 0.6502504296875 0.1505893703125 0.653457825 0.1819803703125 0.6582354640625
3 0.19332105 0.64061409375 0.18193243125 0.6370568734375001 0.1711814015625 0.64859026875 0.1867640875 0.652187815625 0.192588084375 0.6437889140624999 0.19332105 0.64061409375
3 0.054968281249999994 0.691155290625 0.05814551875 0.7074846875 0.06074693437499999 0.708085271875 0.0731375921875 0.7096987375 0.0732801 0.70908146875 0.06727960625 0.69035025625 0.055106673437499996 0.6905558468749999 0.054968281249999994 0.691155290625
3 0.27541198125 0.9180046203125001 0.2821357828125 0.9157809875 0.282138496875 0.91576923125 0.2461072578125 0.896421825 0.2398935671875 0.9014016828125 0.268437584375 0.9163944531249999 0.27541198125 0.9180046203125001
3 0.6000812625 0.978528028125 0.6024071453125 0.9732920390625001 0.6029084984375 0.9711204375 0.5796408703125 0.9591841578125001 0.5730616984375 0.9633099093749999 0.5976625046875 0.9779696140624999 0.6000812625 0.978528028125
3 0.2503823765625 0.511535575 0.2421988640625 0.5109120375 0.2367031703125 0.5177895453125 0.24326000625000002 0.5193033109375 0.2503433859375 0.5117044640625 0.2503823765625 0.511535575
3 0.58827105625 0.478845734375 0.5844754921875001 0.4770073 0.572638671875 0.481971834375 0.577474471875 0.48539745156249997 0.58794916875 0.48023998125 0.58827105625 0.478845734375
3 0.653489790625 0.42556888906249996 0.6491871828125 0.42379416406250003 0.6443766734375 0.42749437031250004 0.65203901875 0.42926336249999997 0.6528456125 0.42835912968749995 0.653489790625 0.42556888906249996
28 0.7350027296875 0.12288620937500001 0.7361677656250001 0.1230188734375 0.7362456796875 0.1226813953125 0.7338922265625001 0.12038478906250001 0.7229833953125 0.11889259218749999 0.7244078796875 0.12044019531250001 0.7350027296875 0.12288620937500001
28 0.45687082500000004 0.809159278125 0.47420542499999996 0.8131612859375 0.4754134109375 0.807928925 0.475427346875 0.80189746875 0.47719877187500004 0.7966617609375 0.47317835468749997 0.7921415109375001 0.4548753546875 0.7812449531250001 0.4482681265625 0.78305504375 0.44607498437500004 0.7876802359374999 0.4532722546875 0.8003746265625 0.4626908515625 0.80588456875 0.45687082500000004 0.809159278125
28 0.055562003125 0.62613093125 0.0446533 0.61976381875 0.038748981249999995 0.6209664593750001 0.0241007875 0.6186109609375 0.019995818749999998 0.6217684718750001 0.038947428125 0.643719253125 0.039285225 0.6437972390625 0.0598403 0.6353224828124999 0.059985890625 0.6346918609375 0.055562003125 0.62613093125
28 0.21815112499999997 0.6858742437500001 0.21203547656250002 0.6779388890625 0.15506776718749998 0.681752946875 0.185222178125 0.688714640625 0.2180294890625 0.6864011062500001 0.21815112499999997 0.6858742437500001