8 0.76149149375 0.6106960390625 0.763459353125 0.6154210859375 0.7566996671874999 0.629908246875 0.75652655 0.630382946875 0.75599585625 0.6354321671875 0.789593453125 0.660839353125 0.791343875 0.6610233296875 0.8130760125000001 0.6181715265625 0.7735416875000001 0.5869070093750001 0.7647403390624999 0.6032333171875 0.76149149375 0.6106960390625
26 0.7988652078125 0.6461038125 0.798472775 0.649837559375 0.8026356578125 0.652583265625 0.81460413125 0.6530197078125 0.8144644375000001 0.6484868109375 0.8034527468749999 0.6477401828125 0.799443225 0.644854284375 0.7988652078125 0.6461038125
3 0.738228221875 0.6379993125000001 0.73998270625 0.6383428796875 0.7479374078125 0.639178953125 0.7557976953125001 0.6320417484374999 0.7625088812499999 0.6150850078125 0.7604925265625 0.607890384375 0.76574613125 0.6018706109374999 0.7663012250000001 0.5965892453125 0.7632484859375 0.5933931593749999 0.7520175 0.5918019906249999 0.750732834375 0.5805768015624999 0.746022728125 0.5755635328125 0.741073815625 0.5816153328125 0.7355893203125 0.5810388890625 0.7276846625 0.588833759375 0.7237605406250001 0.585135340625 0.723142190625 0.5892599546875 0.722811978125 0.5924017078125 0.7245755109375 0.6008293796874999 0.7289013234375 0.6094989765625 0.7277426375 0.61759213125 0.72706524375 0.6269681109375 0.7300810796875 0.6334462921874999 0.738228221875 0.6379993125000001
3 0.3958295796875 0.9006812 0.3962318875 0.8940539812500001 0.3806924828125 0.892420725 0.36518998125 0.8875053718749999 0.36258398125 0.8955931093749999 0.3624182921875 0.89716953125 0.3958295796875 0.9006812
3 0.3565024671875 0.8509856593749999 0.3607310828125 0.8449300359375 0.35505259843750003 0.834475278125 0.34852012656250003 0.8321457000000001 0.3437905078125 0.8390420421875 0.3543552171875 0.8507599750000001 0.3565024671875 0.8509856593749999
3 0.41524165156250004 0.760377171875 0.41423057500000005 0.7553419406249999 0.40069065000000004 0.7572535874999999 0.40010006249999996 0.76287265625 0.40076069375 0.7629420921875 0.41524165156250004 0.760377171875
23 0.3274948828125 0.7361568765625 0.329600703125 0.7586050890625 0.330723609375 0.7587231109375 0.3358830421875 0.755856190625 0.3316621421875 0.7344644671875 0.327503675 0.736073228125 0.3274948828125 0.7361568765625
28 0.41356738281250005 0.8567626468749999 0.413769284375 0.848979678125 0.41584785 0.843858434375 0.4142642875 0.835477059375 0.407432915625 0.83599129375 0.3979504921875 0.838280625 0.4008345515625 0.8225646265625001 0.3936014921875 0.8181076796875001 0.3780541734375 0.8341357046875 0.3746229359375 0.8374717890625 0.369095740625 0.8373016046874999 0.3490378828125 0.8749948062499999 0.34874574687500004 0.8777742953125 0.35449787499999996 0.8837682093750001 0.3614826140625 0.884502334375 0.38880543125 0.8783941265624999 0.39266578281250003 0.8504583328124999 0.40207440156249996 0.8547331937499999 0.41356738281250005 0.8567626468749999
3 0.060535728125 0.7947220328125 0.06698911874999999 0.79252824375 0.0705911546875 0.7875671234375 0.074005 0.775603528125 0.066370253125 0.7661753984375 0.061655265625 0.7840703343750001 0.060535728125 0.7947220328125
3 0.4226862484375 0.6675641140625 0.42118785000000003 0.68182041875 0.42494560937500003 0.682215375 0.4250404171875 0.6672946921875 0.4226862484375 0.6675641140625
3 0.729643475 0.766573665625 0.7306798828125001 0.76776696875 0.7325331578125 0.76796175625 0.744782621875 0.7594118390625 0.7410719968749999 0.753682128125 0.7298673640625 0.7644435140625 0.729643475 0.766573665625
3 0.023063417187499997 0.9408017109375001 0.010316998437499999 0.949715275 0.0214380359375 0.95088414375 0.02534176875 0.94843461875 0.023063417187499997 0.9408017109375001