3 0.6413043609375 0.2604936125 0.774901559375 0.27080719062499997 0.7709238468749999 0.25295709843749997 0.7500911703125 0.236621690625 0.6808516296875 0.2275295796875 0.6149988953125 0.2237098328125 0.6147585359375001 0.224304740625 0.61769134375 0.2328728546875 0.6255054546875 0.2465879046875 0.6351732296875 0.25801647499999997 0.6413043609375 0.2604936125
1 0.46995394375000005 0.5274325984375 0.49494751406250004 0.5468703765625 0.516104521875 0.5570426609375 0.5455408484375 0.56101725 0.5650474937500001 0.5609799890625 0.5900689031249999 0.5499734015625 0.598305809375 0.5358401109375001 0.6005482843750001 0.523142621875 0.579334675 0.4979227 0.5608433765624999 0.482939346875 0.5365128218749999 0.47168790156249996 0.5111103734375 0.46487628281250004 0.488782784375 0.4629616625 0.46885301406249996 0.46404619374999995 0.45888508124999994 0.46411859375000003 0.45754042500000003 0.46744673593749997 0.45707576562499996 0.470861009375 0.4504750265625 0.4880918046875 0.45481947968750003 0.5077143703125 0.46995394375000005 0.5274325984375
28 0.9246304234375 0.5681041140625 0.94907341875 0.546915 0.8942062078124999 0.5174378609375 0.8785359953125 0.5307723796875 0.8780779078125001 0.5319061890625 0.9049321765625 0.5624905874999999 0.9089120828125001 0.5640985734374999 0.9190449796875001 0.5658474484375 0.9246304234375 0.5681041140625
17 0.14042419374999998 0.154181890625 0.14268714375 0.15509618125 0.145072921875 0.1540398765625 0.137061440625 0.1479605046875 0.1275497984375 0.1455076109375 0.1269654984375 0.146953803125 0.12822484218750002 0.1492530328125 0.1282898125 0.14927928125 0.1328583015625 0.1503230734375 0.14042419374999998 0.154181890625
17 0.16886955625 0.25439176093750004 0.165611353125 0.25084195 0.1557663859375 0.2537675953125 0.1531993078125 0.2502939796875 0.1509325875 0.25030383125 0.14998555625 0.25264781406250003 0.15358029374999999 0.2636453390625 0.1574308296875 0.2621554953125 0.156852471875 0.2564398140625 0.16886955625 0.25439176093750004
17 0.1375860015625 0.29638975156249997 0.1260907859375 0.2909342359375 0.12223223125 0.30048449375 0.12277492187500001 0.3037757015625 0.125465678125 0.3048628375 0.1443704078125 0.304612840625 0.1375860015625 0.29638975156249997
17 0.05533866875 0.3709014765625 0.059826259375 0.369212184375 0.0549601046875 0.3633884203125 0.0245012875 0.35050911406249996 0.02277896875 0.3547720046875 0.028386965625 0.355900775 0.045622865624999995 0.36327060312500004 0.0547677421875 0.3706708078125 0.05533866875 0.3709014765625
17 0.0240584265625 0.41248458125000004 0.0262304375 0.404428484375 0.016879060937500003 0.40166546875 0.0193897546875 0.4079588296875 0.0181909015625 0.41092609687500004 0.011730984375 0.4099404203125 0.008359959375 0.40756325000000004 0.0055248812500000005 0.40296616875 0.0017538234375 0.40264002187500003 0.001719284375 0.402725509375 0.00387415 0.4090908296875 0.0138805265625 0.41313366875 0.018867943749999998 0.4128239390625 0.0240584265625 0.41248458125000004
17 0.090823128125 0.415764134375 0.092083725 0.41264404531250004 0.0827420234375 0.40846953125 0.079230009375 0.4109082984375 0.073701003125 0.410298734375 0.0684681625 0.40716934218749995 0.0651610921875 0.40837218125 0.0647177875 0.40946939843749997 0.068096875 0.41481596875 0.078017109375 0.41882400468750003 0.0825870078125 0.41957395937499997 0.090823128125 0.415764134375
17 0.0152436125 0.5319222781249999 0.01483335 0.5329377125 0.018657978125 0.5363990421875 0.0223002453125 0.5378706140625 0.035134796875 0.5383456437499999 0.0450362578125 0.5415339421875001 0.053710592187499996 0.542399115625 0.0597755453125 0.540788765625 0.065854690625 0.5462904609375 0.06856275625 0.5449481421875 0.0652058109375 0.540749325 0.05657890156249999 0.534867984375 0.0560214 0.5346427406250001 0.0461504015625 0.531629178125 0.03571299375 0.5306607890625 0.019111890625 0.5306537437500001 0.0152436125 0.5319222781249999
17 0 0.774427925 0.011061481250000001 0.773269321875 0.0127821984375 0.769903790625 0.00750705625 0.76777249375 0 0.769009503125 0 0.774427925
17 0.31803976875 0.8607904734374999 0.3250355203125 0.8506225468749999 0.31956289843749996 0.8471932390625 0.3112834703125 0.8444572453125 0.3153737875 0.8432673171875 0.325007246875 0.8453321515625 0.3259381 0.8412414171875 0.3096331625 0.8387145437499999 0.3011563109375 0.8391473843749999 0.2952323984375 0.840408640625 0.28824313749999997 0.8405907593749999 0.288059725 0.8410447218750001 0.295613275 0.8448263109375 0.30145269531249996 0.8544949359375 0.3096475171875 0.8592271218749999 0.31803976875 0.8607904734374999
17 0.4204408625 0.767823496875 0.42071425937500007 0.76793395625 0.426843125 0.7617404828125001 0.4237401 0.760486778125 0.421783071875 0.7645014109375 0.4204408625 0.767823496875
17 0.363949503125 0.8246815390625001 0.36502139843750003 0.8202417125 0.360758440625 0.8196086984375001 0.3588174546875 0.82441280625 0.36121206093749997 0.8264688234375 0.36664235 0.8286628031250001 0.36720770625 0.8282313484375001 0.363949503125 0.8246815390625001
17 0.5169693765625001 0.9314377609375001 0.5212395859375001 0.934939615625 0.525215334375 0.9365459218750001 0.5260668890625 0.93572250625 0.5217790390625 0.9311475781249999 0.5246422265625 0.9276345203125 0.5317932671875 0.9286963921875 0.5270258531249999 0.9235216328125 0.519550375 0.91968919375 0.509669096875 0.9181986421874999 0.508575696875 0.92090490625 0.5149381921875 0.9212773875 0.5210737234375 0.923959340625 0.52008643125 0.9264029718750001 0.5169693765625001 0.9314377609375001
17 0.501193596875 0.9335813515625 0.5039932734375 0.9266519109375 0.5035841750000001 0.9214106890625 0.4958777875 0.91479395 0.49579654062499995 0.91499504375 0.49939511875000003 0.9219516125 0.49904256875 0.9272911828125 0.5010063078125 0.9335056828124999 0.501193596875 0.9335813515625
17 0.2613060984375 0.415357878125 0.26317313593749997 0.41611220937500004 0.268637915625 0.41256401406250004 0.28021779375 0.4133848765625 0.291854109375 0.4158528421875 0.2901474171875 0.4129298828125 0.2822065125 0.41114281249999995 0.2783277046875 0.407342259375 0.28011894375 0.4038021828125 0.282121746875 0.39973846874999996 0.280104753125 0.3966901375 0.273010096875 0.392808525 0.27137392656250003 0.3897110203125 0.26552048125 0.3863308875 0.26683226718749997 0.39112466874999996 0.2599629859375 0.39337732812500004 0.2591745828125 0.39532869375 0.2587786484375 0.399443928125 0.261317559375 0.4065608375 0.2581017671875 0.41094662031249996 0.2613060984375 0.415357878125
17 0.20594106562499997 0.5020600187500001 0.2050583171875 0.5042448984375001 0.2056275171875 0.506898234375 0.20313441875 0.5090067109375 0.201096065625 0.5140518140625 0.2049325046875 0.5156018359375001 0.21101553750000002 0.5123237328125 0.21937956875000003 0.5130635375 0.22279284062500002 0.509975765625 0.22245426406250002 0.5045599968750001 0.2190549671875 0.49689243281250006 0.209641471875 0.49290119062500004 0.2093785703125 0.493551896875 0.21290540937500002 0.5004989734375 0.2105782234375 0.5062589625 0.20881509375 0.501688903125 0.20594106562499997 0.5020600187500001
17 0.19644021875 0.4626803625 0.19291406875 0.462473928125 0.1958761078125 0.4685435671875 0.1846348046875 0.4731384703125 0.1711115734375 0.4714768484375 0.170482259375 0.4730344546875 0.17662082343750002 0.4755145953125 0.18629919374999998 0.47705952656250006 0.19899326875 0.47244246875 0.1997266421875 0.46705372343749996 0.19644021875 0.4626803625
17 0.3483161359375 0.5341534765625 0.3461722921875 0.5385662796874999 0.3381891390625 0.5422441484375 0.33310665625 0.5460237875 0.33271026875 0.547004878125 0.347919559375 0.5531498296875 0.36001229375 0.546166675 0.3608543359375 0.5440825484375 0.35959979375 0.5330273234375 0.3483161359375 0.5341534765625
17 0.3345342515625 0.5754259640625 0.33230558593750004 0.5639675796875 0.3285960921875 0.5651083359375 0.330725965625 0.5714508687500001 0.32780633593749997 0.573316821875 0.32230549375 0.5690639671875 0.322263084375 0.561128371875 0.31803291875 0.5583063421875 0.31712263749999997 0.5605593671875 0.317749696875 0.5678324171875 0.32289610468749996 0.5733734875 0.32956450625 0.576067696875 0.3345342515625 0.5754259640625
17 0.59247530625 0.5992990125000001 0.5866218609375 0.5959188796875 0.57871665625 0.6013134515624999 0.5780203890625 0.6030367734375 0.581276415625 0.6118295093749999 0.5887377578125 0.6130167515625 0.5848871140624999 0.6055729046875 0.59247530625 0.5992990125000001
17 0.5862292546875 0.4927086171875 0.5944789015625 0.496041690625 0.6019911312499999 0.4970159984375 0.6076047953125 0.500096215625 0.6124990593749999 0.4978098421875 0.605785228125 0.49387905312499997 0.5976468421875001 0.49079396875 0.5918921359375 0.48806284218749996 0.5827100203125 0.48577428906250003 0.587364503125 0.483188 0.59830969375 0.4855797671875 0.6036694406249999 0.48571487187500006 0.5995931515625 0.48061630781250003 0.59296403125 0.4836230171875 0.5894378265625 0.4789497390625 0.5856578125 0.48026503906249995 0.579186909375 0.4833603484375 0.5782236875 0.485744403125 0.579705790625 0.4896364359375 0.59393735 0.491934721875 0.5854322765625 0.4915440109375 0.5862292546875 0.4927086171875
17 0.5998785718749999 0.182266628125 0.5928967359375 0.17721237031249998 0.59199399375 0.1731929671875 0.5813308890625 0.1701030171875 0.567714371875 0.16138830937499998 0.565913103125 0.165846603125 0.58233236875 0.1747714265625 0.5944315312499999 0.1825733921875 0.5980495796875 0.184035178125 0.5998785718749999 0.182266628125
17 0.8844096406249999 0.5895883656249999 0.870521534375 0.5839772062499999 0.870227865625 0.5847040625 0.8707528953124999 0.5877152031249999 0.878673525 0.59232645625 0.8823961203125 0.5938304828125001 0.8844096406249999 0.5895883656249999