6 0.37134887031249997 0.400428440625 0.3807119046875 0.396834309375 0.388204703125 0.38741111250000004 0.4003792234375 0.3712518234375 0.41043315781249995 0.3575473953125 0.41640187968750003 0.34573930625 0.41475496874999995 0.341448953125 0.4073817578125 0.3370595375 0.40088690156249995 0.33495830781249997 0.392814603125 0.33444710781250003 0.38987348125 0.3359042671875 0.3688061265625 0.35055465625000004 0.3259086859375 0.38014821875 0.324195825 0.382097890625 0.3265968078125 0.3883526671875 0.339089321875 0.3951069796875 0.34984283125000004 0.39918333125 0.36211596875 0.40037916406249996 0.37134887031249997 0.400428440625
17 0.7279156171875 0.8788729562500001 0.73106466875 0.873397946875 0.736218678125 0.862887103125 0.7408931859375001 0.8568265265624999 0.7472432718750001 0.8448720406250001 0.7495314578125 0.8439936890625 0.7542001390624999 0.8356381624999999 0.759521753125 0.8267038265625001 0.7615163390624999 0.819389709375 0.7604129484375 0.8165152796875 0.7580249578125 0.817105140625 0.7545868484375 0.8161277234375 0.7529515953125 0.81642726875 0.7518536546875 0.8135670328125 0.7471155046875 0.8160421765624999 0.7421232703125 0.8258345828125 0.7106348828125 0.88740100625 0.712247090625 0.89160095 0.7178961734375 0.8846880765625 0.7201785328125 0.8815147765625 0.7211608484375 0.8817940390624999 0.7279156171875 0.8788729562500001
17 0.756101165625 0.8728776296874999 0.76306969375 0.8682336453125 0.7657334140625001 0.8649139515625001 0.7625090625000001 0.8622136328125001 0.7536740359375 0.8619952156249999 0.7474798984375 0.8709363124999999 0.7352417390625 0.8835101671875 0.729917565625 0.8896736265625 0.7307126296875001 0.8917448406249999 0.7366003828125 0.894540196875 0.7372131265624999 0.8943049875 0.7499531796875 0.8785193140625 0.756101165625 0.8728776296874999
28 0.48839992656250003 0.7071466921875 0.4828470625 0.7109190859375001 0.47604031406249997 0.714844628125 0.47218051406250006 0.7196079625 0.474208790625 0.7237519203125 0.47755459531250005 0.7313281609375 0.4802499 0.7318523359375 0.48063973437499996 0.7317026921875 0.48931908437500005 0.72549951875 0.49719462812500004 0.71295946875 0.49625846406249996 0.7093807937500001 0.48839992656250003 0.7071466921875
3 0.5584075640624999 0.8391400984375 0.580526028125 0.838968709375 0.581434946875 0.8386198078125 0.5842480484375 0.8357842546875001 0.583254071875 0.8309150953125 0.5600253281249999 0.831955709375 0.5584075640624999 0.8391400984375
3 0.4799099203125 0.82262733125 0.48150056562500004 0.8267711015625 0.488865665625 0.8239439046875001 0.48893645 0.823900325 0.4875839421875 0.8066983546875001 0.4783155703125 0.8076307953124999 0.4799099203125 0.82262733125
3 0.22724511249999998 0.7889679203125 0.2149979890625 0.80395491875 0.2151964015625 0.804471803125 0.22004516875000002 0.8066306125 0.22215220468750002 0.8058217984375 0.23434092187500002 0.7914948046875 0.22724511249999998 0.7889679203125
3 0.13122583593749998 0.808083240625 0.1315235953125 0.80885893125 0.15370639218749999 0.8136853796875 0.158814246875 0.8064739453125 0.135897396875 0.8014877859375 0.13122583593749998 0.808083240625
3 0.861008346875 0.3610773 0.8579882937500001 0.36438062968749996 0.8584018515625 0.3654579828125 0.8782154703125 0.3715533234375 0.8796704562500001 0.3709948078125 0.8818565984375001 0.3675138609375 0.861008346875 0.3610773
3 0.9387021093750001 0.3174047140625 0.939354284375 0.319103690625 0.9596065328125001 0.31643589843750003 0.9593752859375 0.31127395468749997 0.9385503515625 0.3140171875 0.9387021093750001 0.3174047140625
3 0.68378069375 0.2855180921875 0.690230521875 0.2830422359375 0.684268703125 0.267511165625 0.6787100109375 0.2689886078125 0.68223603125 0.2814941109375 0.68378069375 0.2855180921875