6 0.38850920312500004 0.3815288609375 0.398319209375 0.3794436796875 0.407193871875 0.37130863125 0.421746371875 0.357252803125 0.433820371875 0.3452898828125 0.4415628015625 0.334560884375 0.44060732343750003 0.33006571875 0.43401154531249997 0.3245769203125 0.4279253578125 0.321485540625 0.4200324125 0.3197178484375 0.41689955 0.320696975 0.39379974375 0.331871334375 0.3468009875 0.3543899109375 0.34480421875 0.35604762968750003 0.34619717968749997 0.3626009953125 0.3574792828125 0.3712264109375 0.367462715625 0.3769347953125 0.37939768125 0.3800358484375 0.38850920312500004 0.3815288609375
17 0.665840809375 0.9098622593749999 0.6698075703125 0.9049472765625 0.676542384375 0.8953721031249999 0.682107425 0.8901173968749999 0.6902494234375001 0.8793034625 0.6926468421875 0.8787938750000001 0.6985651374999999 0.8712715624999999 0.705218871875 0.8632797078125 0.7083330796875 0.8563676593749999 0.707692934375 0.8533560124999999 0.7052420703125 0.8535650468749999 0.7019991906249999 0.8520618234375 0.7003372109375 0.8521018703125 0.6997002265625001 0.8491050937500001 0.6946332140625 0.8508085546874999 0.6881705734375 0.85969944375 0.6474387484374999 0.9155820125 0.6483740921875001 0.9199824515625 0.6550350359375 0.9140383999999999 0.6577857093749999 0.9112612078125 0.6587122453124999 0.9116907 0.665840809375 0.9098622593749999
17 0.6946172234375 0.9083499359375 0.7022264359375 0.9048532453125 0.7053766765625 0.90199111875 0.70261444375 0.8988196468749999 0.693922359375 0.8972218156249999 0.6864057859375 0.9050838562499999 0.6723513156250001 0.9155884375 0.6661285125 0.920843128125 0.6665897796875 0.9230132187500001 0.6719677546875 0.9266952078124999 0.67260975 0.9265587468750001 0.687662375 0.9129604046875001 0.6946172234375 0.9083499359375
28 0.4561378609375 0.702781721875 0.450063228125 0.7056390109375 0.4427261921875 0.7084514140625 0.43816876406249994 0.712552296875 0.4395238109375 0.7169625296875 0.4416432390625 0.7249688921875 0.44422336093750003 0.725908253125 0.44463180468749997 0.7258214359374999 0.4541746875 0.7210523828125 0.46391496718749997 0.7098987265625001 0.46355015625 0.7062176640625 0.4561378609375 0.702781721875
3 0.5046352703125 0.8441016765624999 0.5265082296875 0.8473924890625 0.5274605390625 0.84719006875 0.530682584375 0.8448294921875 0.53046255 0.8398647875 0.507357003125 0.8372588140625 0.5046352703125 0.8441016765624999
3 0.429687228125 0.8155124718750001 0.4306100609375 0.8198540578125 0.43832675625000006 0.8182138234374999 0.4384034859375 0.818181853125 0.43975861250000003 0.800980090625 0.4304584828125 0.8004511578125 0.429687228125 0.8155124718750001
3 0.1853986359375 0.74274198125 0.1709578109375 0.7556285921875 0.1710729234375 0.7561701515625 0.17552428125 0.759060896875 0.177731903125 0.758591653125 0.1920117921875 0.7463477843749999 0.1853986359375 0.74274198125
3 0.08757122187500001 0.7466012359375 0.0877439703125 0.7474139546874999 0.1088986359375 0.7556511359375 0.115071721875 0.74932753125 0.0932170234375 0.740817775 0.08757122187500001 0.7466012359375
3 0.8782960328125 0.4192618171875 0.8747964078124999 0.42205203750000003 0.8750363374999999 0.42318082031250004 0.8936524984374999 0.43230065 0.895176940625 0.4319766203125 0.897880709375 0.42888051718750003 0.8782960328125 0.4192618171875
3 0.961865153125 0.3882808953125 0.9622435218750001 0.3900609765625 0.982663765625 0.3905941796875 0.983242871875 0.3854596125 0.9622451906249999 0.384911334375 0.961865153125 0.3882808953125
3 0.7150704109375 0.3169083546875 0.721828140625 0.31547195625 0.7183693156250001 0.29919946406250003 0.7126479375 0.29978914687499997 0.71417425625 0.3126922765625 0.7150704109375 0.3169083546875