26 0.319519553125 0.33109130468750003 0.388373965625 0.23145497499999998 0.385242253125 0.22821199218750002 0.3831964234375 0.2287465015625 0.3081491140625 0.3369754578125 0.3161649765625 0.33433078125 0.319519553125 0.33109130468750003
26 0.255561603125 0.20304397968750001 0.170263765625 0.291430275 0.17178113125 0.29507783593750003 0.1720620078125 0.29536869375 0.21573956718749998 0.2508565453125 0.2211373203125 0.24029721093749998 0.23032827031249997 0.236434225 0.25964848281249997 0.20612257656250002 0.259060240625 0.20551343281249998 0.255561603125 0.20304397968750001
26 0.1343937140625 0.2370122265625 0.1542904046875 0.2756103078125 0.2009384359375 0.37609557968749996 0.20427947031250002 0.3728691796875 0.20555067343750003 0.3711403328125 0.17714450312500002 0.31034993125 0.160364584375 0.2717495859375 0.1407031875 0.23590399999999997 0.13864901406250002 0.23377684062499998 0.1343937140625 0.2370122265625
26 0.6955870765625 0.3410323234375 0.6787368203125 0.3162010328125 0.6634872656249999 0.2936617359375 0.661698265625 0.291809171875 0.65740255625 0.29503155 0.65934280625 0.2975021328125 0.7337258515625 0.4091327546875 0.7405426078125 0.44064571875 0.74287548125 0.441400453125 0.7468889859375001 0.4375246578125 0.7386709734375 0.4050256515625 0.729828384375 0.3921777109375 0.7210892046875 0.37989825312500003 0.6955870765625 0.3410323234375
26 0.269871240625 0.4746098703125 0.2679542921875 0.4764610453125 0.2904145953125 0.5056493625 0.2990495015625 0.507670125 0.395582665625 0.5248100765625 0.3963683546875 0.5240513453125 0.3962572859375 0.518532471875 0.3949573671875 0.5171863671875 0.3053381296875 0.5012630921875 0.2958682984375 0.4983777390625 0.275153653125 0.4709289421875 0.269871240625 0.4746098703125
26 0.117400890625 0.5766517484375 0.1507080421875 0.5839199296875 0.16658539375 0.5873846359375 0.166974459375 0.5870089203125 0.166003878125 0.586003853125 0.1588970796875 0.5790194328125 0.14375823593749998 0.5762617999999999 0.10867782031249999 0.5666959515625 0.08649424375 0.5617186421875 0.0464364890625 0.5516125734374999 0.0416185109375 0.55492854375 0.0421754140625 0.5587350109375 0.07903671875 0.5669152453125 0.117400890625 0.5766517484375
26 0.6669448359375 0.6886215890625 0.665801478125 0.689600403125 0.6603033843749999 0.6949098484375 0.6008169031249999 0.7846030625 0.600578721875 0.788508984375 0.6029800859375001 0.7905342765625 0.60675674375 0.7900618515625 0.6082553671875 0.7886146484375 0.627203884375 0.7597897984374999 0.6611178671875 0.7063206609375 0.6684796046875 0.6968722984375 0.6674386171875 0.6891329125000001 0.6669448359375 0.6886215890625
26 0.44123095156250003 0.5935952890625 0.533877115625 0.61340280625 0.5541157609375 0.6171672046875 0.5560147046874999 0.6153334171875 0.5577978671875 0.61158550625 0.5563986484375001 0.6101365734375 0.5257185734375 0.6035702 0.4458159765625 0.5849068625 0.4418455265625 0.58874108125 0.44123095156250003 0.5935952890625
26 0.1559302953125 0.5553285890625 0.1323605125 0.5309213640625 0.1147953796875 0.5140874875 0.112239325 0.5160545796875 0.109944815625 0.5182703625 0.15301248437499998 0.5592213625 0.15411869843749998 0.558153103125 0.1559302953125 0.5553285890625
26 0.27563899687500004 0.6905371125 0.2644451625 0.761391315625 0.26658649843750004 0.76233101875 0.2714743828125 0.75761084375 0.28115168437500004 0.6962456671874999 0.27563899687500004 0.6905371125
26 0.340245453125 0.867309059375 0.300587821875 0.8862239000000001 0.269660021875 0.9017210484374999 0.268976834375 0.9083959281249999 0.2868179375 0.89918715 0.3195664640625 0.8832684390625 0.3407786265625 0.8724751375 0.35737934843749997 0.862904703125 0.3572435328125 0.8627640609375 0.340245453125 0.867309059375
26 0.47846118593750003 0.5676681890624999 0.4365040953125 0.5989953921875 0.41233366406250005 0.6039569390625 0.409710225 0.608161234375 0.4130736625 0.6102599875 0.431948890625 0.606736040625 0.44011419687500003 0.6031951578125 0.46576938749999997 0.5830151234375001 0.47693624687499997 0.5722314125 0.4788085515625 0.568027896875 0.47846118593750003 0.5676681890624999
26 0.58025360625 0.793934328125 0.6228108859375 0.8375503343749999 0.627429225 0.8330904562500001 0.5856598453124999 0.78938193125 0.58025360625 0.793934328125
26 0.5174525453125 0.7208274875 0.515831625 0.718831765625 0.5074515703125 0.710153965625 0.5045794390625 0.7148793375 0.5148016140625 0.7268127453125001 0.5154223859375 0.7262132734375 0.5174525453125 0.7208274875
26 0.6598126796875 0.871326296875 0.66009179375 0.86412265 0.5412417390625001 0.8716249765624999 0.5403279921874999 0.878522503125 0.658957959375 0.8721516906250001 0.6598126796875 0.871326296875
26 0.6318579046874999 0.80157855625 0.628352075 0.8076374875000001 0.6302524828125 0.809144021875 0.6900359921875 0.8269350687499999 0.6929862953125 0.82408599375 0.693924628125 0.8201722921875 0.665515134375 0.8115162343750001 0.6318579046874999 0.80157855625
26 0.24293915312499997 0.9127339187500001 0.2426565203125 0.9137475343749999 0.2414977828125 0.91298805 0.2412504796875 0.9138749625000001 0.24005641249999998 0.91324218125 0.2398444390625 0.91400239375 0.23861504375 0.9134963140625001 0.23843839687499999 0.9141298234375 0.2371736734375 0.9137504468750001 0.23703235781249998 0.9142572546875 0.235732303125 0.914004578125 0.23562631562499997 0.914384684375 0.23429093281250002 0.9142587093750001 0.2342202734375 0.9145121140624999 0.23140819218750003 0.914766975 0.22853046406250002 0.9205535312500001 0.2755787890625 0.911975359375 0.276401503125 0.9106892078125 0.277004496875 0.9117154140625001 0.27780754375 0.9105617765625 0.278430203125 0.91145546875 0.2792135859375 0.910434346875 0.279855909375 0.9111955249999999 0.28061962500000004 0.9103069156249999 0.281281615625 0.9109355812500001 0.2820256671875 0.9101794859375 0.2827073234375 0.9106756359375 0.284027096875 0.9097353203124999 0.28483775 0.909924625 0.2853468703125 0.9087950046875 0.28666664375 0.9078546875000001 0.2862437890625 0.90979719375 0.29327399375 0.9091600421875 0.3218789984375 0.9044274265625001 0.3220514609375 0.9042608812499999 0.32062236093749996 0.8990688609375 0.32020746093749997 0.8986392203125 0.29194573749999997 0.9040934203125 0.2906259625 0.9050337374999999 0.2905043671875 0.9043475531249999 0.24726326250000003 0.9119715203125001 0.24687464375 0.9133652421875 0.24582189375 0.912225653125 0.2454686015625 0.913492671875 0.2443805234375 0.9124797843750001 0.2440625609375 0.913620103125 0.24293915312499997 0.9127339187500001
26 0.27524205625 0.8286603187500001 0.27594221406249997 0.833999315625 0.3055892203125 0.8107163187499999 0.308840759375 0.806239646875 0.30551716406249996 0.8051049453125 0.27524205625 0.8286603187500001
26 0.3285908484375 0.8783966937500001 0.3135045734375 0.8856135140625 0.25781217968750003 0.9303723375 0.260523784375 0.9341030765625 0.3206750359375 0.8860409046875001 0.3285908484375 0.8783966937500001
26 0.348950971875 0.8586754765625001 0.33725201718750003 0.8683618296875 0.3468167765625 0.865808728125 0.351698328125 0.8620971921875 0.35073413750000004 0.8605219984374999 0.348950971875 0.8586754765625001
26 0.46915879218749995 0.6176707546875 0.4984895015625 0.627442246875 0.49888721406250003 0.62705818125 0.4984906265625 0.6266475015624999 0.487692428125 0.61748425 0.47466844375 0.613686840625 0.46915879218749995 0.6176707546875
26 0.146313225 0.5678628921875 0.14521390781250001 0.566724515625 0.1291423703125 0.55896383125 0.124491378125 0.562452721875 0.14218664375 0.571847884375 0.146313225 0.5678628921875
26 0.3652544953125 0.5426608203125001 0.3237091265625 0.5834404375 0.32453798749999996 0.5859713109375 0.324710190625 0.5861496328125 0.3310793453125 0.5799990109375 0.3430759671875 0.564738096875 0.3504300765625 0.5589730078125 0.3589520265625 0.55366748125 0.367007890625 0.5458880234375 0.366326640625 0.543771059375 0.3652544953125 0.5426608203125001
26 0.4313943421875 0.9485467 0.43010020937500004 0.9472065859375001 0.41722497968749994 0.9397567 0.4126935078125 0.9461377359375 0.4268099203125 0.9529738249999999 0.4313943421875 0.9485467
23 0.0939379390625 0.5126750671875 0.0988051 0.5260202953124999 0.11555870625 0.5369096140625 0.13161978125 0.5387766593750001 0.11018210625 0.51703869375 0.11631985625 0.51278240625 0.14001564375 0.53501313125 0.1563301453125 0.5256077046875001 0.1581313796875 0.523868271875 0.156120609375 0.5217860578125 0.1377947921875 0.5064137796875 0.13002616875 0.500214721875 0.1194425296875 0.4897164375 0.0946973671875 0.4691674296875 0.089871765625 0.4761666765625 0.09163740468750001 0.48214761875 0.09104238125 0.4967575328125 0.08969125156249999 0.5027407375 0.0939379390625 0.5126750671875
23 0.2893566828125 0.6238824875 0.2855957046875 0.621833465625 0.279910584375 0.619637521875 0.2759588890625 0.6187751953125 0.2726514015625 0.6199641546875 0.2701864625 0.61833443125 0.26695865625000004 0.6214514875 0.26376220625 0.6195256546875 0.2592951671875 0.6352013375000001 0.25870014375 0.649811253125 0.26099895625 0.660958271875 0.2665815234375 0.6722759453125 0.2750180859375 0.679166678125 0.271877584375 0.6805285578125 0.2719098015625 0.68517588125 0.2743747390625 0.68680560625 0.28211962968750004 0.694364278125 0.2869698234375 0.69569563125 0.2935449578125 0.6923536640625 0.29453838593750004 0.687384234375 0.30648077812499996 0.6882160359375 0.31233964687500004 0.677211409375 0.32594340625 0.6737654546875 0.3362500484375 0.6711642734375001 0.3446609671875 0.6630419437499999 0.3429911171875 0.6613127640625 0.338210425 0.659245940625 0.3343697671875 0.655268821875 0.326561303125 0.6481057140625001 0.3159302 0.6403266578125 0.3076207796875 0.6326447953125001 0.3032630578125 0.625825259375 0.3007260640625 0.6185841625 0.29653618593750003 0.6216277578125 0.2893566828125 0.6238824875
8 0.196794496875 0.62801859375 0.1978611171875 0.6286534734375 0.19783734687500001 0.6296093296875 0.198927734375 0.62928835625 0.1992526234375 0.6296907015625 0.199994353125 0.6299232359375 0.20022274843750001 0.6309259921875 0.2010609734375 0.630558115625 0.2011928734375 0.632161284375 0.20212759062500002 0.6311929953125001 0.20319420937500002 0.631827878125 0.20421414062499998 0.6311373328125 0.2042608296875 0.63246275625 0.211727159375 0.636906921875 0.20732386093750002 0.6412784859375 0.208443009375 0.6418894921875 0.20815172187500003 0.6421870296875001 0.20897958437500003 0.643095571875 0.20956215937499997 0.642500496875 0.21068130937500001 0.6431115015625 0.20980744687500003 0.6440041140625 0.22222538125 0.65763225625 0.2336278375 0.6666714687499999 0.248292371875 0.6605302671875 0.249483171875 0.6593803265625 0.24905881718749998 0.659127740625 0.24881526874999998 0.6594312265625 0.24750509843750002 0.6590998328125 0.24799219843750003 0.6584928578125 0.2469255796875 0.6578579796875 0.24619493124999997 0.6587684375 0.24488476406249998 0.6584370453124999 0.24585895937500002 0.6572230984375 0.212793778125 0.6375418015625 0.210256678125 0.629089428125 0.20874604218749998 0.6296014046875 0.20998091093750001 0.627573471875 0.20942937499999997 0.6245415609375 0.2130784578125 0.6200151625 0.2207589140625 0.6182791859375001 0.2295769140625 0.6227965265625001 0.23624783749999997 0.62370631875 0.24126415781250002 0.615520375 0.2450166515625 0.611562459375 0.250933853125 0.6109708171875 0.23805349687500002 0.59763281875 0.204173153125 0.6172529984375 0.192570315625 0.623110946875 0.1910370484375 0.6245916046875 0.1914614015625 0.6248441921875 0.19131718749999999 0.625256765625 0.192528021875 0.625479071875 0.1922395890625 0.626304221875 0.193594640625 0.6261139515624999 0.19316199218750002 0.6273516765625 0.195006796875 0.6294465859375 0.1964220734375 0.62952795625 0.196794496875 0.62801859375
23 0.1766218078125 0.5407663640625 0.17474902187500002 0.5388270375 0.1621326671875 0.5291940578125 0.1618801 0.55015674375 0.1751172515625 0.542219296875 0.1766218078125 0.5407663640625
23 0.24161125781249998 0.44467293281250003 0.2364432 0.44531940625 0.22694201249999998 0.4474769421875 0.2534841734375 0.46896400156249995 0.275120190625 0.4858319984375 0.2675261765625 0.47612258125 0.2753812453125 0.4708762484375 0.29603231874999997 0.49872061093750003 0.306193821875 0.5009380203125 0.3144304328125 0.49452957656249996 0.3086193421875 0.48851201718750004 0.3027574703125 0.48353768593749996 0.299076171875 0.4834167609375 0.293939471875 0.47902034374999997 0.2826717828125 0.46550672656250003 0.2713651140625 0.4607192734375 0.262236878125 0.45449648125 0.25878613906250003 0.454152909375 0.250882746875 0.45242825625 0.24833812656249998 0.44887043281250005 0.24161125781249998 0.44467293281250003
23 0.42734049531249996 0.61143695 0.4258689890625 0.607678271875 0.4117642734375 0.6106054703125 0.40846440937499995 0.6081111546875 0.411381978125 0.6032886468750001 0.42682591406250003 0.59967196875 0.4252002453125 0.5979885406250001 0.41724084687499996 0.5922840218750001 0.409798571875 0.5901140734375 0.405609553125 0.602847884375 0.3996311640625 0.610960365625 0.391370928125 0.619939703125 0.379612490625 0.6312946937499999 0.3646025125 0.6471263578124999 0.3944970421875 0.6356345906249999 0.41091182187499997 0.6273019359374999 0.42734049531249996 0.61143695
23 0.2015298078125 0.6323371703125 0.2000905140625 0.6303853390625 0.1948826171875 0.630067765625 0.1950021375 0.6329599109374999 0.19857239843750002 0.6361956281250001 0.20944168593749998 0.6400687609375 0.22469242500000003 0.649401815625 0.23913197187500002 0.6565106671875001 0.250859915625 0.6598887765625 0.25768614375 0.6601473296875 0.25900210625 0.6588765203125 0.257927521875 0.651058625 0.25904723281250003 0.635607853125 0.26268314843749996 0.6208882625000001 0.2556504765625 0.6136057187499999 0.2530103140625 0.6113619828125 0.24539342656250002 0.61270239375 0.241768078125 0.615869178125 0.23675175781250002 0.624055121875 0.2300172640625 0.6235408953125 0.2221214953125 0.6181329671875 0.213582378125 0.620363965625 0.209432340625 0.624371609375 0.2113887 0.6291658546875001 0.2015298078125 0.6323371703125
23 0.4164591140625 0.9219496328125001 0.416182784375 0.9215481343749999 0.413860784375 0.919143634375 0.4060518046875 0.9273214187500001 0.397973803125 0.9291071234375 0.384481940625 0.9391284984375 0.38589073906250004 0.95581343125 0.38970151406250003 0.9562270375 0.39290770468749997 0.9531308562499999 0.3973948875 0.9460406984375 0.40250699687499997 0.942106515625 0.41025779062499995 0.9266014859375 0.4164591140625 0.9219496328125001
3 0.5576911359375 0.2993403703125 0.5564908828124999 0.30317283125 0.5780700921874999 0.307062903125 0.579016696875 0.306399409375 0.5818842546874999 0.303630240625 0.57797729375 0.2995844640625 0.561085928125 0.29639623125000003 0.5576911359375 0.2993403703125
17 0.7470178890625 0.40406632656249997 0.740395290625 0.4101275203125 0.7433060953124999 0.41867850312500005 0.74641290625 0.4184352265625 0.75695169375 0.4082580375 0.7555586 0.40250023593749995 0.75511860625 0.40204460937500003 0.7520664234375001 0.4005277078125 0.7470178890625 0.40406632656249997
28 0.6674017265625001 0.28788176718749997 0.6865236203125 0.28645883906249997 0.7041985984375 0.28676735781249996 0.7244919171875 0.28972706718749996 0.7252776671875 0.288968278125 0.7336472625 0.2683543328125 0.7327513640625 0.2664172953125 0.729238728125 0.26277985625 0.721465828125 0.2617382390625 0.7061599984375 0.2588076875 0.68408831875 0.2604057984375 0.6637500625 0.263337528125 0.6560382484375 0.2701163921875 0.650918515625 0.27773385156249997 0.637905596875 0.3090140234375 0.6495368906250001 0.2984501609375 0.656262903125 0.29295744687499997 0.6674017265625001 0.28788176718749997