24 0.09416809375 0.12063162812499999 0.097492290625 0.11911248906250001 0.0949055078125 0.1136961953125 0.082339353125 0.10557256875000001 0.0738977328125 0.1095259703125 0.0769238734375 0.11684533125 0.0897208234375 0.11439204843749999 0.090738609375 0.1214233875 0.09416809375 0.12063162812499999
24 0.7601639296875 0.3760429796875 0.7633476828125 0.384678990625 0.76543199375 0.384197790625 0.7744476031249999 0.37597759062499997 0.7742136453125 0.3749642078125 0.7700692578125 0.3697471546875 0.7601639296875 0.3760429796875
24 0.48603001093750003 0.46929905937500005 0.47664920000000005 0.474972665625 0.47989501875 0.4832435609375 0.48404918124999996 0.486042934375 0.49150285781249997 0.4843221171875 0.49447664687500004 0.48302168593749994 0.494030271875 0.481088225 0.48603001093750003 0.46929905937500005
24 0.3973691921875 0.5040500875 0.39485788906249997 0.5099584968750001 0.3949228765625 0.5102399906249999 0.39867881562499996 0.5121666375 0.4168495765625 0.5079715859375 0.4151133296875 0.500451075 0.3973691921875 0.5040500875
24 0.797207184375 0.8797409 0.8060458265625 0.8815590015625 0.8109666125 0.8804229484375 0.8142551546875 0.87486295 0.8140559796875 0.874000228125 0.803696375 0.8702247515625 0.797207184375 0.8797409
17 0.6527687265625 0.9458106109375001 0.697025628125 0.9088706078125 0.6965853546874999 0.9069635734375 0.6945843828125 0.9040847031249999 0.6478642 0.941931659375 0.6527687265625 0.9458106109375001
28 0.37235159218749997 0.25445252812499997 0.3707669265625 0.267847628125 0.3831380828125 0.2780207734375 0.3889285734375 0.2689511890625 0.3880971734375 0.265350003125 0.3835996734375 0.2568669546875 0.37235159218749997 0.25445252812499997
17 0.020000871875 0.24073567968749998 0.09167904375 0.2525318734375 0.09161980625 0.25227528593750004 0.08531725625 0.24870795625 0.0214398984375 0.23539220312500003 0.020000871875 0.24073567968749998
3 0.36783598125 0.364840525 0.387492484375 0.375235990625 0.387665875 0.3751959609375 0.38973925781249996 0.3697060296875 0.389113175 0.3669941609375 0.375643246875 0.3610335765625 0.36783598125 0.364840525
3 0.865946825 0.46031509843749996 0.8694669953125 0.45414593437499995 0.8690982343749999 0.45254865781250003 0.8518675984374999 0.44853179218749994 0.8498188953125 0.4570227734375 0.865946825 0.46031509843749996
3 0.0600527046875 0.79856209375 0.0777134734375 0.7995461484375 0.082032378125 0.79854905 0.0853368296875 0.7946290687500001 0.08520209375 0.7940454625 0.064968346875 0.790912603125 0.0600527046875 0.79856209375
3 0.889183465625 0.8868451234375 0.875529703125 0.8913754375 0.8778116484374999 0.898365484375 0.8906316734375 0.8931180046874999 0.889183465625 0.8868451234375
3 0.603827403125 0.870715646875 0.6240651578125 0.87546454375 0.6274477828125 0.874683603125 0.63048066875 0.8706871171874999 0.630261134375 0.86973620625 0.606839978125 0.8635055125 0.603827403125 0.870715646875