2 0.2521381296875 0.365721521875 0.256987421875 0.36011840624999997 0.25917953437499996 0.352785175 0.23404278750000002 0.3370777640625 0.22666635 0.34536859999999997 0.2208392359375 0.3572115953125 0.21968786875 0.3681426484375 0.2264608421875 0.376885775 0.2327106625 0.3852844453125 0.23786848593749998 0.39101278906250003 0.24680753906250003 0.3915467171875 0.2552894484375 0.3860327390625 0.25960435 0.382147584375 0.2521381296875 0.365721521875
2 0.3664059296875 0.2460345390625 0.370751440625 0.2404315375 0.368070665625 0.2350122828125 0.36219636093749996 0.23947700312500003 0.3577295453125 0.2412314828125 0.3565386109375 0.24230380468749999 0.3566657671875 0.24507130312499997 0.35867625468750003 0.2473041765625 0.3637005203125 0.24847049999999998 0.3664059296875 0.2460345390625
2 0.1640870421875 0.33123856875 0.1612956515625 0.340348190625 0.1628178046875 0.34502247656249996 0.162899409375 0.345113109375 0.166927375 0.3436463421875 0.1733725328125 0.3378430953125 0.1692870984375 0.3327403953125 0.1640870421875 0.33123856875
2 0.5072325890625 0.253504565625 0.507557025 0.25386488906250004 0.5188508296875 0.26225876718749996 0.5197917125 0.2614115921875 0.5148502374999999 0.24623710625 0.5072325890625 0.253504565625
2 0.46768360312499996 0.2843047953125 0.46889332812499995 0.2856483296875 0.4768113703125 0.285393409375 0.478372484375 0.283987775 0.472803965625 0.27729336875 0.46768360312499996 0.2843047953125
2 0.4181094234375 0.3693542671875 0.416579221875 0.36765480625 0.41047200781250004 0.3646876109375 0.40613129062500003 0.3702450703125 0.4067461625 0.3754150453125 0.40907636875 0.378003 0.413088703125 0.38061547500000004 0.4173630046875 0.376766878125 0.42050143437500004 0.37338446406250003 0.4181094234375 0.3693542671875
2 0.414580871875 0.413778496875 0.404247871875 0.4053549796875 0.38991705468750004 0.408364146875 0.3974998640625 0.418853740625 0.40204967968750005 0.42390682343749997 0.40752373750000004 0.4242554171875 0.4162470546875 0.43454056406249997 0.42067463125 0.43055395625 0.414580871875 0.413778496875
2 0.41909047499999996 0.39613015156250003 0.4204733171875 0.397665953125 0.42433485312499997 0.3957200109375 0.4260712875 0.3941565171875 0.41959904375 0.3928107421875 0.41909047499999996 0.39613015156250003
2 0.34773919375 0.30388311562500003 0.338714865625 0.3091228015625 0.3394052015625 0.312300928125 0.3406082890625 0.31363709375000004 0.3441615390625 0.3123196015625 0.351349453125 0.3058475765625 0.35259635 0.2995097125 0.34773919375 0.30388311562500003
2 0.3282581953125 0.4166158578125 0.3283405875 0.41676840937500004 0.3309432015625 0.41965890625 0.33473264999999996 0.4196293171875 0.33631659687500004 0.41820312499999995 0.33909609218750003 0.40850643125 0.3282581953125 0.4166158578125
2 0.3469832046875 0.42317243437499996 0.3410331890625 0.42852985156249995 0.34214840625 0.42976842656249997 0.3481918125 0.4306386953125 0.3495484015625 0.42941721718750003 0.349746815625 0.4256312453125 0.3469832046875 0.42317243437499996
2 0.5501418265625 0.4380316875 0.5503935281250001 0.4332289125 0.5379748484375 0.43286732343749995 0.5337327015625 0.4379237640625 0.53411560625 0.44448443437499996 0.535901184375 0.44646752031250003 0.5385778078125 0.4475782203125 0.5446492515625 0.44211146718750005 0.5462636921875 0.441523575 0.5501418265625 0.4380316875
2 0.502061446875 0.39526315312500004 0.5010507671875 0.39842173281250004 0.5024153828125 0.399937290625 0.511570646875 0.40337714687500004 0.512442084375 0.4025925 0.512749396875 0.3955340375 0.502061446875 0.39526315312500004
2 0.5247334328125 0.46020865625 0.518729096875 0.46025554218750003 0.5077926296874999 0.468865984375 0.5080293499999999 0.4785609421875 0.509957746875 0.48070264218750003 0.5186611546875 0.4831974203125 0.5195007203124999 0.48244147187499997 0.5242799140625001 0.46886230624999997 0.5247334328125 0.46020865625
2 0.7174060328125 0.6432109546875 0.7207495125000001 0.6249466671875 0.7225038390625 0.6287265125 0.719243196875 0.644030353125 0.7335818796875 0.6422509 0.73701974375 0.63874316875 0.7361446734375 0.6292244609375001 0.7374339359375 0.62394095625 0.7269037968750001 0.616519471875 0.7226972984375 0.61123719375 0.71491871875 0.6203023828124999 0.7013921828125 0.6217628375 0.70004 0.61720864375 0.7012663390625 0.6020874328125 0.69250625625 0.6009052203125 0.6844083750000001 0.6077843203125 0.67951189375 0.6060091578125 0.6679882 0.6023681328125 0.6531483015624999 0.6371678125 0.66123413125 0.6443165703125 0.6660949671874999 0.656430453125 0.674295096875 0.6655376171875 0.6681486796875 0.675194528125 0.6687044453125 0.6825271468749999 0.6771609562500001 0.6839826984374999 0.6801610328125001 0.6915880421875 0.6875332843749999 0.698554778125 0.696085625 0.7103131203124999 0.7015323062500001 0.70540890625 0.703034878125 0.7035612671875 0.714771946875 0.67691483125 0.72116269375 0.673634165625 0.7174060328125 0.6432109546875
2 0.5451321874999999 0.7676338968749999 0.5594708703125 0.7658544421875 0.5642174062499999 0.7760099140625 0.5596716875000001 0.7813396921875 0.568625471875 0.7746175296875 0.5745046515625 0.76932389375 0.5807010109374999 0.75951895 0.5821716796875 0.7507739859375 0.5747244546875 0.7479974031250001 0.559025721875 0.7439929484375 0.5442770328125001 0.7453170453125 0.5312512093749999 0.7455021312500001 0.5313854250000001 0.7346623953125 0.552386965625 0.7244100875 0.5631105625 0.71434225 0.5721941328125 0.7024529828125 0.5686933484375001 0.6961230109375001 0.5604025140625 0.6887465734375 0.55218246875 0.692437553125 0.543552415625 0.695673171875 0.5325844890625 0.6993647640625 0.5324660046874999 0.7126639265625 0.5299781828125 0.721500209375 0.5277703390624999 0.726374015625 0.5258031453124999 0.7211367796875 0.520504521875 0.7201359734375 0.5170430625 0.7199545671875 0.515371575 0.71321428125 0.506915065625 0.7117587296875 0.49174431875 0.7266553250000001 0.5004530234375 0.735716834375 0.5023295140624999 0.7426847984375 0.49527237968750004 0.75316171875 0.49195668125 0.7598575734375 0.49601763125 0.76645100625 0.5043177062499999 0.7756691734375 0.5070283515625 0.7772068484375 0.518650615625 0.7803468578125 0.5299299796875 0.777611640625 0.5451321874999999 0.7676338968749999
2 0.7546981781250001 0.654714125 0.755447403125 0.6445574265625 0.7468173499999999 0.6477930468750001 0.7528216875 0.6477461625000001 0.7526402796875 0.6512076203125 0.7407223093749999 0.6495706609375 0.73014610625 0.657528121875 0.7355089015625 0.663484109375 0.7417116796875 0.6610477765625 0.7431702984374999 0.6663306703125 0.7533260765625001 0.6629580749999999 0.7546981781250001 0.654714125
2 0.7240729875 0.6683958421875 0.7211830265625 0.678006478125 0.7227687828125 0.6820264484375 0.7256477640625 0.6852238828125 0.729859103125 0.6841084453125 0.7339089296875 0.6804619656249999 0.7420466718750001 0.662106621875 0.7240729875 0.6683958421875
2 0.5722399625000001 0.6094665906250001 0.5777617765625 0.6044947265625 0.57816549375 0.6039663109375 0.57172755625 0.5998686984375 0.5641618453125 0.6103912796875 0.5722399625000001 0.6094665906250001
2 0.524644759375 0.63945651875 0.5201039640625 0.6463714031250001 0.518261228125 0.6533829671875 0.518689740625 0.653858878125 0.529087946875 0.6525259421875 0.5304552874999999 0.6512947828125 0.524995703125 0.63984628125 0.524644759375 0.63945651875
2 0.6920219796875 0.455358253125 0.6904178125 0.44861919375000003 0.683206 0.44857833906250005 0.68259848125 0.44912535 0.6820992375 0.45238389375 0.68420669375 0.4547244609375 0.6913682015625 0.45594691718749997 0.6920219796875 0.455358253125
2 0.7624153031249999 0.849857865625 0.74721728125 0.8445780359375 0.7447530546875 0.8571034578125 0.7454386890625 0.8636569453125 0.746824475 0.865196015625 0.7556853375 0.8637505875 0.7683759171875 0.8596828640625 0.769969671875 0.8582478421875 0.7624153031249999 0.849857865625
2 0.3998195625 0.5082033765625 0.395227490625 0.5031033625 0.3897030875 0.5035993265625 0.39652200937500004 0.5111725078125 0.3998195625 0.5082033765625
2 0.2977560390625 0.109591834375 0.288565665625 0.1101752796875 0.2927317453125 0.11802250781250001 0.29360935781249997 0.11899719375 0.299599315625 0.11695788124999999 0.301557809375 0.1151944453125 0.2983815828125 0.1102865703125 0.2977560390625 0.109591834375
2 0.4045372546875 0.39252033750000004 0.40343821875 0.4067679953125 0.40367850625 0.40703486250000004 0.40560228125000003 0.406279240625 0.4092386421875 0.403005046875 0.409563765625 0.398713334375 0.4045372546875 0.39252033750000004
28 0.6848366765625 0.0981508265625 0.6848281578125001 0.0981413671875 0.6786142046875 0.09550586250000001 0.672314159375 0.097055796875 0.6617641046875 0.1024324609375 0.659087390625 0.10925038281249999 0.666080671875 0.1170172078125 0.6698764546875 0.117864478125 0.679185496875 0.1094825796875 0.6817207140625 0.1038399015625 0.6848366765625 0.0981508265625
3 0.4541841046875 0.6429312203124999 0.4548537171875 0.6436749015625 0.45931314062500006 0.63965961875 0.45370845 0.6275146578124999 0.4506334015625 0.6240994703125 0.4466869625 0.627652859375 0.4541841046875 0.6429312203124999
2 0.57689259375 0.02783846875 0.564428434375 0.029807275 0.567720103125 0.0334630453125 0.5720511687500001 0.0346712984375 0.585347828125 0.0320779578125 0.585695671875 0.0317647578125 0.57689259375 0.02783846875