25 0.6971622546875 0.5958331968749999 0.727866009375 0.633273771875 0.7394610734375 0.6475148546875 0.746235415625 0.66370363125 0.7702715953125 0.6925449203125 0.7835312703125 0.6879665 0.7965677046875 0.6886186171875 0.8221078171875 0.6754959203124999 0.8396134 0.6656193874999999 0.8597628343749999 0.6408892140625 0.8703403828124999 0.62851568125 0.8823485203124999 0.5994421828125 0.8896270562499999 0.586999625 0.8991293859375 0.56618174375 0.9065087640625 0.5480129203125 0.9141750156249999 0.51975905 0.9212184609375 0.48591551875 0.9168442296875 0.477402146875 0.9130555984375001 0.47535019375000004 0.9032221968749999 0.4702886125 0.8678233203125 0.50585299375 0.8583091421875 0.500039365625 0.84605513125 0.5046008875 0.8390419015624999 0.5007364015625 0.8363969812500001 0.49206952812500004 0.8360454078125 0.4834885765625 0.8397429187500001 0.4708572875 0.8396841437499999 0.46550704375 0.842360346875 0.459986403125 0.8417375406250001 0.454396740625 0.8519586578125 0.44364700937499996 0.8602115749999999 0.44537506718750003 0.8698158109374999 0.442351428125 0.8791223859375 0.446301834375 0.8837462875 0.4456019171875 0.8902062624999999 0.45233798593749996 0.896128628125 0.45485188125000003 0.901167734375 0.45787840468749996 0.9084306296875001 0.452529603125 0.90146539375 0.45090435781249993 0.905652521875 0.4402559984375 0.91239345 0.4235912671875 0.9214805734375 0.39904694375 0.927242259375 0.3784163515625 0.9170896359375 0.3741068171875 0.9088954875 0.37772900468750004 0.9052136187500001 0.38326653906249997 0.8998827796875 0.4005298171875 0.8965476265625 0.4248530578125 0.8884651015625 0.4258599765625 0.8833035890625001 0.42233772031249994 0.8768436140625001 0.41560165156249995 0.8492431140625 0.40299838593750004 0.8383139906249999 0.4067909671875 0.82456469375 0.4093864546875 0.79732655 0.40847514062499996 0.7847533125 0.41378871093749997 0.7651668484374999 0.4152377921875 0.7312778328125 0.422153940625 0.7068177999999999 0.43351623281249996 0.698022409375 0.43777075468750004 0.6835877390625 0.46315160312500003 0.6802466625 0.4741590890625 0.6727850015625 0.48483757031249997 0.669398025 0.4928167890625 0.66400340625 0.511641703125 0.6711773125 0.5386506765625 0.6847152140625 0.5679172328125001 0.6971622546875 0.5958331968749999
12 0.8577050703125 0.4998550640625 0.8707430875 0.4863504328125 0.870787415625 0.48624599999999996 0.872235721875 0.47895270625 0.8671750484375 0.46970418125 0.859486165625 0.46821554374999996 0.85081318125 0.4729657984375 0.8368965046874999 0.48211079999999995 0.8360418859375001 0.4841241546875 0.8360377203124999 0.49287669375 0.8382859546875 0.50100906875 0.8456391406250001 0.5041303109374999 0.8577050703125 0.4998550640625
12 0.9151011421874999 0.47590228593750006 0.91766518125 0.47574254062500004 0.9229911640624999 0.46868401718749997 0.9273702515625001 0.46699263437500005 0.9367081125000001 0.4567555296875 0.93443040625 0.4495758546875 0.930950215625 0.44366085625 0.924820246875 0.4392837421875 0.9155832281249999 0.443794578125 0.9081715031250001 0.45263040156249995 0.9016490328125 0.457528634375 0.900692459375 0.4597821796875 0.905075234375 0.46462935625 0.90312268125 0.4700133875 0.9064114812499999 0.47221374374999997 0.9151011421874999 0.47590228593750006
12 0.9438034046875 0.4222017765625 0.9438562515625 0.41423626562500004 0.938034725 0.405996103125 0.9312291 0.40399483593749996 0.9182730078124999 0.41491496406249995 0.9139629109375 0.42052112812500003 0.9015439593749999 0.44977834687499996 0.902151465625 0.45003621718750003 0.9081009468750001 0.45142445000000003 0.9151934468749999 0.44334067031249996 0.9245528703125 0.439325565625 0.9438034046875 0.4222017765625
19 0.8591822656250001 0.4989233390625 0.8630699921874999 0.501344640625 0.8688531656249999 0.5037994515625 0.9031748515625001 0.47055696718749995 0.904563371875 0.46493351718750003 0.900040309375 0.45990716562499995 0.8957992671874999 0.45500052812499997 0.8897172890625 0.45286265625000005 0.8814907921874999 0.44715184375000006 0.861912353125 0.4671652046875 0.8611661640625 0.4689231140625 0.8687374421875 0.47013994531250003 0.8738353218749999 0.47851671093750003 0.8712815234375 0.4845330859375 0.8591822656250001 0.4989233390625
8 0.4217860328125 0.2548478140625 0.42970787968749996 0.2306964078125 0.4070747984375 0.165617403125 0.3709157609375 0.1722750703125 0.368984665625 0.176824446875 0.36482230625 0.196941271875 0.3827673640625 0.25842719375 0.38337625000000003 0.2586856515625 0.4217860328125 0.2548478140625
20 0.41509912499999996 0.2874281546875 0.42110580468750003 0.2855012609375 0.43158633437500005 0.29442656093749997 0.43403270625 0.2954649828125 0.438617309375 0.28894048125 0.45034449375 0.283267784375 0.45902826093750004 0.281628528125 0.44048360156250005 0.25866845 0.43427921718749996 0.2560348453125 0.43094392499999995 0.251717921875 0.429421290625 0.25107160156249997 0.4002772296875 0.2630603265625 0.39932682812500003 0.2652993328125 0.41416642187499997 0.287032246875 0.41509912499999996 0.2874281546875
20 0.3683717765625 0.0232124109375 0.3672593484375 0.01563981875 0.34912858125 0.01166003125 0.3482566625 0.0137141453125 0.3499890046875 0.0221492171875 0.3559310015625 0.024671445312500002 0.3643599 0.0263909921875 0.3683717765625 0.0232124109375
20 0.3419815421875 0.2309522 0.3351759171875 0.22895093125 0.32967953906249997 0.23327447812500002 0.3322284796875 0.23746286093750002 0.324453171875 0.2417449359375 0.324303353125 0.242097884375 0.32621126718750004 0.2429077453125 0.3500327828125 0.2441327921875 0.3532886625 0.23175781718750002 0.34917002343750003 0.22734690937500002 0.3419815421875 0.2309522
1 0.4369461671875 0.11088767656250001 0.433918390625 0.1078273609375 0.42865382968750004 0.108233146875 0.4277105203125 0.1104554453125 0.42769836406249995 0.11228751249999999 0.43158205625 0.1178911828125 0.43164237656250004 0.11791678750000001 0.4369461671875 0.11088767656250001
1 0.41651740937500004 0.0921702328125 0.41497413281249995 0.087964953125 0.4090145609375 0.0863228140625 0.4062275546875 0.089085696875 0.405773040625 0.0901564671875 0.407785415625 0.0942106046875 0.4093564859375 0.0948774828125 0.41294716249999996 0.0950925 0.41651740937500004 0.0921702328125
1 0.661962071875 0.16642823125 0.6607310515625 0.16932833281249998 0.6669184296874999 0.17195471874999999 0.6709913109375 0.16813082343750002 0.6669950765625 0.16421565 0.66281280625 0.1646592546875 0.661962071875 0.16642823125
1 0.6993438859375 0.367538534375 0.7004503890625 0.361795371875 0.6952888796875001 0.3582731171875 0.6903439453125 0.3594941078125 0.6878031140624999 0.36547993125 0.6877163937499999 0.36580368281250003 0.6907562281249999 0.367094015625 0.6955660359375 0.36859758125000003 0.6993438859375 0.367538534375
1 0.6361242359375 0.3379741703125 0.6318459843750001 0.3339392875 0.627729803125 0.3350505015625 0.6248166078125 0.3419135609375 0.62475921875 0.3424748234375 0.6322803734375 0.3456673640625 0.6340600578125 0.3459734734375 0.6361242359375 0.3379741703125
1 0.5099032109375 0.29307232031249997 0.50618899375 0.28927685625 0.5008414453125 0.290113378125 0.500803403125 0.290163796875 0.4986117734375 0.295326953125 0.5006479406250001 0.2982799015625 0.5047541109375 0.3000228671875 0.50674816875 0.29972102968750003 0.5099032109375 0.29307232031249997