20 0.28893473125 0.0997102640625 0.28422288125 0.0994118140625 0.260646009375 0.1123755109375 0.2510172953125 0.11662343281250001 0.2296351546875 0.1258573515625 0.23106280781250002 0.131530334375 0.23267056562500002 0.13410328437500002 0.25711640468749997 0.1222457125 0.2629687515625 0.119325746875 0.2690710703125 0.1155125953125 0.28893473125 0.0997102640625
7 0.49339243125000004 0.4783343390625 0.5167502578125001 0.4589114875 0.527183925 0.44767509531250005 0.5180352609375001 0.4392416734375 0.5009700484375 0.4460728734375 0.4888816421875 0.453626546875 0.44371509531250003 0.4827341234375 0.43580610000000003 0.49180333593750003 0.4295197578125 0.4992534046875 0.432714178125 0.5043655453125 0.45205628750000004 0.5002211515625 0.4727085296875 0.4908537328125 0.4863157921875 0.4827563140625 0.49339243125000004 0.4783343390625
3 0.4660989765625 0.517498778125 0.4620858140625 0.5101677109375 0.4547910953125 0.5131589390625 0.4599168234375 0.521361815625 0.4660989765625 0.517498778125
3 0.3448407671875 0.5650427328125 0.342443178125 0.569249675 0.3432756625 0.5705819296875 0.356411840625 0.5676142453125 0.3591983125 0.5658730640625 0.3628333375 0.5596956203125 0.3448407671875 0.5650427328125
3 0.7300587984375 0.4347323703125 0.7334343875 0.4401344421875 0.7371145234375 0.44395771406250006 0.7461089671875001 0.4383373625 0.734034021875 0.432248375 0.7300587984375 0.4347323703125
3 0.6572369640625 0.5353262437499999 0.6565353828125 0.5382124875 0.657670925 0.540029734375 0.6792211421875 0.5335650359375 0.6807128203125 0.53263293125 0.683130975 0.5271053234374999 0.6572369640625 0.5353262437499999
3 0.6646448656249999 0.5371459046875 0.6601317375 0.5439678578125 0.6602115000000001 0.5440955062499999 0.6737221015625 0.5388436828125001 0.6783404921875 0.5359577921875001 0.6775906125 0.5340680124999999 0.6646448656249999 0.5371459046875
3 0.8902698859375 0.52111580625 0.8465018625 0.5444176046875 0.8469363812499999 0.54511298125 0.8522098953125001 0.54607750625 0.8803352203125 0.53134025 0.8924268546875 0.523784559375 0.8902698859375 0.52111580625
3 0.835750115625 0.5331083375000001 0.8374767671875001 0.5358715593750001 0.8457178796875 0.5419167671875 0.8592803515625 0.5334419953125 0.8453601484375 0.5260371484374999 0.835750115625 0.5331083375000001
3 0.98269381875 0.5353309937499999 0.9711171515625001 0.539099721875 0.971541859375 0.5587640015625001 0.9718775671875 0.5593012453124999 0.9830678718750001 0.5537416796875 0.9853320265625 0.5523268781249999 0.98301983125 0.5358527234375 0.98269381875 0.5353309937499999
3 0.8691226265625 0.792164809375 0.8413533187500001 0.8221887640625001 0.8413597125000001 0.8221989953125 0.8484411359375 0.8221124265625 0.8545113390625 0.8183193421875 0.87661906875 0.794850375 0.8691226265625 0.792164809375
3 0.5741938171875 0.9600956828125 0.5560799140625 0.97895685625 0.5572609578125001 0.9808469203125 0.56116479375 0.9850404109375 0.5632699734375 0.98372495 0.5817577593750001 0.9618546875 0.5741938171875 0.9600956828125
3 0.7397737156249999 0.4296395515625 0.7398655671875 0.42978654531249993 0.7490369765625 0.43466527343749994 0.754743753125 0.43109928281250004 0.747308375 0.42638569375 0.7397737156249999 0.4296395515625
3 0.40965092187499996 0.5087364937500001 0.41040919374999996 0.5099499828125 0.4219923234375 0.511416240625 0.425449390625 0.5066028734375 0.41264116250000005 0.5057625046875 0.40965092187499996 0.5087364937500001
3 0.330640153125 0.479595390625 0.3321576484375 0.482023890625 0.3332146875 0.48261625781250006 0.33988365 0.4784490265625 0.334130553125 0.47651656249999996 0.330640153125 0.479595390625
28 0.15525993124999998 0.21721462812499998 0.1537824 0.22015232031249998 0.153965940625 0.22044604687499997 0.1550243140625 0.2199413109375 0.164245596875 0.21417921406249998 0.1650886234375 0.2122521578125 0.15525993124999998 0.21721462812499998
28 0.6410671546875 0.7507915515625 0.634230590625 0.7512311796875 0.6204723359375001 0.7674929515625 0.61814260625 0.773075853125 0.6215221015625 0.7774495906250001 0.623498928125 0.7831479078125 0.6263445921875 0.787701921875 0.6414318531250001 0.7782743546875001 0.6348627671875 0.777072871875 0.6419743640625 0.7687967234374999 0.6446466281250001 0.7544507390625 0.6410671546875 0.7507915515625
28 0.9885874984375 0.45721123906249994 0.975504234375 0.46420739062500005 0.9695300484375 0.4649925296875 0.961288596875 0.4745642796875 0.95989289375 0.48409907499999993 0.9602358640625 0.48464794062500005 0.9824301796875 0.485968903125 0.9827241828125001 0.48578518906249996 0.9934968062499999 0.45886027656249995 0.9885874984375 0.45721123906249994
28 0.82700808125 0.58398653125 0.8272946203125 0.5844450890624999 0.85906775625 0.5759515640624999 0.8853128046875 0.5595518375 0.8302070421875 0.574492446875 0.82700808125 0.58398653125