6 0.5468007781249999 0.7014325640625 0.5525965687500001 0.69860576875 0.5705767484375001 0.6877114875 0.5964278375000001 0.672067696875 0.6115211015625001 0.6600151890625 0.61555931875 0.6516989328125 0.5370993125 0.46065785000000004 0.5374933359375 0.4592497984375 0.5343743437499999 0.452854915625 0.533671003125 0.452120059375 0.5208615828125 0.45753980156249996 0.42875932343749995 0.506324275 0.371815903125 0.5404441249999999 0.513547140625 0.7080762265625 0.520477125 0.71021510625 0.5304520140625 0.7072816296875 0.5468007781249999 0.7014325640625
13 0.5190054 0.45848651250000005 0.533163253125 0.45130532343749996 0.5385852578125 0.4563872390625 0.5387300015625 0.46045578593750003 0.5506966015625 0.4880083796875 0.5731978359375 0.48586396875000004 0.5907193609375 0.480091378125 0.5973120609375 0.4768759046875 0.6203181859375 0.46177806875 0.634317146875 0.4444644875 0.6401534890625 0.43002830937500003 0.6432280031250001 0.41445567812500006 0.6450049140624999 0.3992399875 0.64331669375 0.3946376609375 0.6360821953125 0.37980474218750004 0.633371553125 0.3753880625 0.6213097109375 0.36499038125 0.610392996875 0.3584492734375 0.5943656374999999 0.352745134375 0.5823829093749999 0.35307064375 0.558591146875 0.358603915625 0.550116615625 0.36255785937499996 0.5304908562499999 0.37212998124999996 0.5070195656250001 0.3878962 0.5011182546875 0.3976730359375 0.49652869062500005 0.41315677656250005 0.494911328125 0.42719087968749997 0.49499044062499997 0.43791406874999994 0.50008561875 0.4536412171875 0.5057610921875 0.46301459375 0.5190054 0.45848651250000005
28 0.6944292859375001 0.825873109375 0.694728203125 0.81370803125 0.6935843609375001 0.81136280625 0.671159075 0.8154922453125 0.6599374078125 0.817378159375 0.6528909671875 0.8232984234374999 0.6524483421875 0.8306888234375001 0.6595957718750001 0.8332735328125 0.6719703015625 0.82696213125 0.69366224375 0.826247221875 0.6944292859375001 0.825873109375
2 0.9682812937499999 0.6532882296875 0.9702674046875 0.6622165250000001 0.970617196875 0.6629337046875 0.973824884375 0.6617877234375 0.9778039218749999 0.6598470171875 0.9710293343749999 0.645957053125 0.9682812937499999 0.6532882296875
2 0.9301997671875 0.6330780500000001 0.938050471875 0.637513496875 0.9389050609374999 0.6370966859375 0.9424163640625001 0.633628078125 0.941751153125 0.63226419375 0.9371735062500001 0.630780503125 0.9301997671875 0.6330780500000001
2 0.9068173328125001 0.5188869953124999 0.9071649624999999 0.5185800203125 0.9067601875 0.5177501062500001 0.8996168250000001 0.517238784375 0.8984321453125 0.522976725 0.9068173328125001 0.5188869953124999
2 0.8217261546874999 0.6351416796875 0.8254637265625 0.6255211703125 0.8249990374999999 0.624568415625 0.81705655 0.6306034078125 0.8207907703125 0.635597896875 0.8217261546874999 0.6351416796875
2 0.5835678640624999 0.7223528234375001 0.5780075250000001 0.7275482703125 0.5800513859375 0.7340018703125 0.5897631359375 0.7326316390625001 0.59205544375 0.7315136046874999 0.5919621203125 0.731322265625 0.5835678640624999 0.7223528234375001
2 0.663094678125 0.776543978125 0.6700677046875 0.7769096281250001 0.673230478125 0.7753670406250001 0.678405046875 0.7695476078125 0.6778029796875 0.7683131859375 0.668480540625 0.7655146562499999 0.667703125 0.7658938265625 0.663094678125 0.776543978125
2 0.6703601546875 0.7919024609374999 0.6667935109375 0.7936420296875 0.6613418953125 0.799060390625 0.6644021953125 0.8022726078125 0.6682037843749999 0.8004184499999999 0.67502186875 0.7946900453125 0.6743037390625 0.7932176625 0.6703601546875 0.7919024609374999
2 0.936309553125 0.8332886937499999 0.9459555609375 0.8353170296875 0.9473885875000001 0.8346180953125 0.9474412750000001 0.8292759000000001 0.9462372578125 0.8268072984374999 0.9367013515625 0.8273027984375 0.936309553125 0.8332886937499999
2 0.845406828125 0.45696369687500005 0.8488994203125 0.45847498125 0.8500469 0.45791531875 0.8543540640625 0.44950927656250006 0.85383763125 0.44845042968750004 0.848776978125 0.4498424984375 0.8485585171875 0.44994904843750005 0.845406828125 0.45696369687500005
2 0.9678844296875001 0.595492384375 0.969793125 0.597693403125 0.9715469765625 0.5968379921875 0.9735486999999999 0.59409321875 0.9715437203124999 0.5899824 0.9713063296875 0.58968426875 0.9678844296875001 0.595492384375
2 0.8156289515624999 0.656700240625 0.8178694859375 0.6561455484375001 0.820393740625 0.6549143875000001 0.8223080828124999 0.64756579375 0.822014228125 0.6469633015625 0.8145057 0.65062545625 0.8156289515624999 0.656700240625