4 0.9494716750000001 0.2978007640625 0.96490848125 0.2978722796875 0.96738610625 0.2963838921875 0.97079099375 0.2930756359375 0.9724392734375 0.292540078125 0.9739792265625 0.2942416546875 0.9761734671875001 0.293984278125 0.9767402281249999 0.29152225625 0.9770444125 0.287551046875 0.9781571343750001 0.28536720781249997 0.9798262171875001 0.2820914484375 0.9791052046875001 0.28080714218749997 0.9794197875 0.2754658296875 0.974995784375 0.268627021875 0.9680837609375 0.264646703125 0.9385083171874999 0.261955859375 0.9340011078125 0.2660778546875 0.9300341265625001 0.2720751609375 0.9259592484375 0.28007255781249996 0.9255681687499999 0.2819535875 0.92616005 0.2882152328125 0.9299093765625001 0.291162890625 0.9397723125 0.29618830625000003 0.9425388453125001 0.2965606453125 0.9494716750000001 0.2978007640625
4 0.6588855015624999 0.2497828578125 0.657082971875 0.24657209062500002 0.652704890625 0.24571674531249998 0.64619929375 0.2483620453125 0.6402292578125001 0.2526556265625 0.6350114359375 0.25412321250000003 0.6315525984375 0.255580296875 0.6282880984375 0.2619872390625 0.6386510999999999 0.267267453125 0.6414026203125001 0.266549015625 0.6437823125000001 0.2659276625 0.649654425 0.262501121875 0.6555265359375 0.2590745765625 0.658941825 0.254396221875 0.6588855015624999 0.2497828578125
3 0.8734972781250001 0.5138196484375 0.870914834375 0.518887978125 0.8720681765625 0.519475634375 0.8748672015625001 0.516259834375 0.8734972781250001 0.5138196484375
3 0.8259354984374999 0.45388262656249995 0.8296156921875 0.45326486875 0.8292655874999999 0.4512526140625 0.8237851859375 0.45121101093749993 0.8227078671875001 0.4517394859375 0.8225061874999999 0.45213530625000004 0.8259354984374999 0.45388262656249995
3 0.849799690625 0.453399821875 0.8505415062499999 0.4519439296875 0.8429584968749999 0.4498541078125 0.8427858828125 0.45019288281250003 0.8491053656249999 0.4534128203125 0.849799690625 0.453399821875
3 0.8218877125 0.4361406203125 0.821668934375 0.43943326093749996 0.82408675625 0.440665203125 0.8241665921875001 0.4406772265625 0.824206159375 0.43546513750000004 0.8226388 0.434666528125 0.8218877125 0.4361406203125
3 0.8597343000000001 0.42381314375 0.859439259375 0.42439219531249994 0.8611591656250001 0.426235478125 0.86519699375 0.42829285468749995 0.8666296421874999 0.4269826484375 0.863724790625 0.42458561875 0.860994990625 0.4231947171875 0.8597343000000001 0.42381314375
3 0.87472080625 0.4033336890625 0.8684193640625001 0.40089660625 0.867731715625 0.4012339296875 0.8676134875000001 0.4014659640625 0.8751204359375 0.40529094531250004 0.875829796875 0.4038987484375 0.87472080625 0.4033336890625
3 0.8277184390625001 0.3855225078125 0.82056185625 0.3836755265625 0.8198760343749999 0.385021528125 0.826976625 0.3869784 0.8277184390625001 0.3855225078125
3 0.9041395265625001 0.3797433109375 0.90798513125 0.38170274375 0.9046434890624999 0.37758168125 0.9042308984374999 0.3777840765625 0.9035282359375 0.3791631296875 0.9041395265625001 0.3797433109375
3 0.7553082437499999 0.3763018609375 0.7575336874999999 0.3719341828125 0.7549290921875 0.3713772984375 0.7525052140625 0.376134428125 0.7525461609375 0.3761552921875 0.7553082437499999 0.3763018609375
3 0.7358815453124999 0.3777848953125 0.736555278125 0.3785293390625 0.7417248296875 0.3811633578125 0.7461637046875 0.38183190625 0.7469055203125 0.3803760125 0.7371055390625 0.3753826734375 0.7358815453124999 0.3777848953125
3 0.6800259125 0.3290894578125 0.679885275 0.3293654734375 0.68305035625 0.33197723749999997 0.6860573984375 0.333509403125 0.6874876234375 0.331653534375 0.687598896875 0.33143515 0.6810883249999999 0.328117846875 0.6800259125 0.3290894578125
3 0.6520553203125 0.2653290703125 0.65144168125 0.26501640625 0.649421153125 0.26525340937499997 0.6490131578125 0.2660541453125 0.6481609453125 0.2686056921875 0.649866384375 0.26947465625 0.6505210421875 0.2695732546875 0.6520553203125 0.2653290703125
3 0.73846816875 0.283224109375 0.7392419593749999 0.2852019953125 0.7404106546875 0.2857974765625 0.7414593218750001 0.28528305625 0.7398422453125 0.28170831406249996 0.739256346875 0.2816772234375 0.73846816875 0.283224109375
3 0.57177580625 0.28685630624999997 0.5707836296875 0.2888035625 0.5761522359375 0.291539003125 0.5776312265625 0.289839790625 0.57177580625 0.28685630624999997
3 0.584418196875 0.26396752343749996 0.5835221328125 0.2616770890625 0.577670825 0.26236343125 0.577656521875 0.26424731874999996 0.5789190546875 0.2648906125 0.584418196875 0.26396752343749996
3 0.6779641703125 0.3985281921875 0.6784904218750001 0.401552859375 0.67981266875 0.40222657812499996 0.6810396984375 0.40190619375000003 0.679793528125 0.3976035046875 0.6784710765625 0.39753333125 0.6779641703125 0.3985281921875
3 0.6755996140625 0.39284378750000004 0.6747514734375 0.394508359375 0.6750618609375 0.3980522859375 0.676357378125 0.398712384375 0.6779664890625 0.398523640625 0.678036034375 0.39838714999999997 0.6770076015625001 0.3924761546875 0.6755996140625 0.39284378750000004
3 0.5631157250000001 0.37356401093749997 0.5638575390625 0.3721081171875 0.5594898609375 0.3698826734375 0.5592704359375 0.36990841093750004 0.5588921109375 0.3706509171875 0.5631157250000001 0.37356401093749997
3 0.45869606718749995 0.43651204843749997 0.4604691359375 0.4330322046875 0.45784021875 0.43012736875 0.4565115546875 0.430474290625 0.4559381953125 0.4315995734375 0.45869606718749995 0.43651204843749997
3 0.197348084375 0.336341003125 0.1975439390625 0.3346069296875 0.1875131921875 0.3354652453125 0.1867820421875 0.336900209375 0.1887517625 0.33790383125 0.197348084375 0.336341003125
3 0.0495640109375 0.5545802281250001 0.054803275 0.5572497671875001 0.0588707078125 0.5538607421874999 0.05784119375 0.54508378125 0.053998671875 0.5458767171875001 0.0539570671875 0.55135711875 0.0496961453125 0.5543208984375 0.0495640109375 0.5545802281250001
3 0.017885053125 0.5582447515625 0.02242353125 0.56530235 0.024051175 0.5661316765625 0.028621203125 0.5629528921875 0.0204734078125 0.5532997828124999 0.0203075421875 0.5534903453125 0.017885053125 0.5582447515625
3 0.119334334375 0.5830524078125 0.1196091078125 0.5832554484375 0.12400005624999999 0.58549275 0.1308691484375 0.580224553125 0.1280388421875 0.5787824406250001 0.119334334375 0.5830524078125
3 0.6626345265625 0.5079759125 0.664664115625 0.50534230625 0.65546414375 0.504637615625 0.654381559375 0.5067623078125 0.6556355609375 0.5074012546875 0.6626345265625 0.5079759125
3 0.8396813062499999 0.5595370171875 0.8432813843750001 0.56793888125 0.8444115203125 0.5685147140625 0.8462599015625001 0.5659263203125 0.841212815625 0.5569361671874999 0.8409748453124999 0.556998303125 0.8396813062499999 0.5595370171875
3 0.2765514546875 0.7767824703125 0.2763897203125 0.784139959375 0.2802504359375 0.7861070921875 0.282584528125 0.7839724875 0.2815966171875 0.7697151250000001 0.27951541406249997 0.770965371875 0.2765514546875 0.7767824703125
3 0.893433246875 0.25442417968750003 0.8945304281249999 0.2556000671875 0.8980564187500001 0.25739665 0.8983461671875 0.2571316640625 0.8941743437499999 0.253172146875 0.8940739046875 0.2531668171875 0.893433246875 0.25442417968750003