6 0.46488301249999997 0.3280936171875 0.4770454125 0.33330251718750004 0.493556209375 0.3373381734375 0.5132694234375 0.3418912765625 0.5250663546875 0.3442935859375 0.5345491171875 0.341028409375 0.5415902578125 0.335055865625 0.550223359375 0.3262507828125 0.555840796875 0.3162158953125 0.5610690296875 0.3030117578125 0.558887796875 0.2966769984375 0.55632244375 0.29628446875000003 0.5044387218749999 0.3011884296875 0.4788831046875 0.3035074140625 0.47569342968750006 0.3042816828125 0.4698382828125 0.3098620578125 0.4662135796875 0.31564650625 0.46338683437499995 0.3237484015625 0.46488301249999997 0.3280936171875
17 0.504966609375 0.9127661734375 0.5111959749999999 0.91708701875 0.5210154484375 0.9205104484375 0.52996269375 0.9239101828124999 0.532280140625 0.9231122218750001 0.5448287828125 0.9281881328124999 0.552305328125 0.9298260875000001 0.56300976875 0.9345649281249999 0.56894135 0.9367348578125 0.5759934390625 0.9346306546875001 0.5765664296875 0.9337853078125 0.5803545765625 0.934749125 0.589125534375 0.93641353125 0.587660884375 0.9321598812499999 0.523965246875 0.9052376109375 0.5138465375 0.9009451374999999 0.5086259109375 0.902094690625 0.5096233625 0.9049915015625001 0.50817814375 0.9058131578124999 0.5061726703125 0.908771878125 0.5039642078125001 0.9098549890625 0.504966609375 0.9127661734375
17 0.5518322796875 0.950629425 0.5717385625 0.954532803125 0.5723591421875 0.9543191203125 0.5750726015625001 0.948393178125 0.57435030625 0.9462954781249999 0.56630995625 0.9449963078125 0.5488526640625 0.9432307124999999 0.5383604546874999 0.9403629499999999 0.5317328265625 0.9462093140625001 0.5309985609375001 0.95035045 0.5351729484375001 0.9511812765625001 0.5434962453125001 0.9502594921874999 0.5518322796875 0.950629425
28 0.639036746875 0.661333159375 0.653130353125 0.66587709375 0.6637664437499999 0.6650500218750001 0.6641612640625 0.6649140734375 0.665889053125 0.662780025 0.6635821749999999 0.6548256453125 0.6624722390625 0.6503474375 0.65645365 0.6491795437500001 0.6487160875 0.6505476984375 0.6420375 0.6512271890625 0.6374535625 0.6579899796875 0.639036746875 0.661333159375
3 0.6673949484375 0.7928763640625001 0.6489318046875 0.80701035625 0.651300209375 0.8113792640625 0.655277828125 0.811743196875 0.6561983703125 0.8114262296874999 0.6732522624999999 0.7973400453124999 0.6673949484375 0.7928763640625001
3 0.7143525000000001 0.721720378125 0.7066531546875 0.7269636828125 0.7166742875 0.7410105312499999 0.7167565234375 0.740998415625 0.7242158046875 0.7384299796875 0.72277074375 0.7342332203125 0.7143525000000001 0.721720378125
3 0.8908759093749999 0.5525356125 0.909422221875 0.5556759687499999 0.9115562015625001 0.55494118125 0.9138829156250001 0.550170709375 0.9137026625000001 0.5496472156250001 0.8946873656250001 0.5460388078125 0.8908759093749999 0.5525356125
3 0.96690936875 0.5177037015625 0.9807999953125 0.49974759999999996 0.9805294890624999 0.49896199062499996 0.9727113890625001 0.4969124015625 0.9583611046874999 0.5154626875 0.96690936875 0.5177037015625
3 0.122320425 0.6439624203125 0.1262326171875 0.6452237546874999 0.1277062078125 0.64471635625 0.1389663109375 0.6273111046875 0.13859060625 0.6262199749999999 0.134153771875 0.6256307296875 0.122320425 0.6439624203125
3 0.029928240625 0.6548111249999999 0.0471571859375 0.643836878125 0.0465647 0.6421161765625001 0.0445034921875 0.63942363125 0.0267873515625 0.650708203125 0.029928240625 0.6548111249999999
3 0.20940104218750002 0.44034885937499996 0.21481720312500002 0.4560785328125 0.22134950781249998 0.4538292796875 0.219946221875 0.449753840625 0.2146089296875 0.4379075875 0.20940104218750002 0.44034885937499996