8 0.509784853125 0.470826434375 0.50061733125 0.46748954375 0.4256339390625 0.4710671875 0.4173592734375 0.485275565625 0.4180959046875 0.4871945578125 0.42693385937499995 0.4903295296875 0.49759402656249996 0.4875342546875 0.499380240625 0.486848590625 0.509784853125 0.470826434375
28 0.1596759875 0.249647684375 0.11815646093750001 0.2619559046875 0.08675949375 0.27541959375 0.0441643265625 0.295198334375 0.0379357484375 0.32089179375 0.0383217734375 0.32189742187500003 0.0640050671875 0.31419949375 0.1663384484375 0.300042515625 0.1674468296875 0.299617046875 0.1596759875 0.249647684375
26 0.5044368015625 0.47530919687499995 0.504649475 0.4859520328125 0.5053926171875001 0.48788798437500003 0.5084763640625 0.48670424375000004 0.5085956921875 0.47443205781250003 0.5080541890625 0.47302139531250004 0.5040497296875001 0.472433084375 0.5044368015625 0.47530919687499995
16 0.34038060937500003 0.7939013640625 0.3571956265625 0.782607171875 0.361186146875 0.77058975 0.349579378125 0.765567796875 0.31935039375 0.7727353984375 0.3057841859375 0.7878236453125 0.2875485328125 0.8098337000000001 0.2882315640625 0.8116130578125 0.327872728125 0.8210854265625 0.340906784375 0.8251562015625 0.355350021875 0.8123526968749999 0.34038060937500003 0.7939013640625
28 0.7222168515625 0.8008616359375 0.66969658125 0.815633434375 0.6717084859375 0.8208746250000001 0.716973553125 0.8116963734375 0.7345651234374999 0.8049436015625 0.751963040625 0.7971057015625 0.7222168515625 0.8008616359375
28 0.3427475390625 0.9754322500000001 0.35017409375 0.9725814625 0.366587528125 0.9639216734374999 0.3643009203125 0.9607664953124999 0.3415155078125 0.9722226968750001 0.3427475390625 0.9754322500000001
3 0.1715823578125 0.9290009156249999 0.1505079859375 0.9275124109374999 0.14692898906250002 0.931832184375 0.14721929375 0.9325884562500001 0.1518395515625 0.9328490140625 0.1613300640625 0.93142405625 0.1704282296875 0.92944394375 0.1715823578125 0.9290009156249999
3 0.2241209140625 0.68738531875 0.21462297812500003 0.7026969703125 0.21463702968749998 0.7027335781249999 0.216299378125 0.702627653125 0.2220285359375 0.700428434375 0.2300396234375 0.6869281546875 0.2241209140625 0.68738531875
3 0.6890819078125 0.6219714796875 0.6909559046875 0.6268534046875 0.7007400453125 0.623782803125 0.7131540859375 0.6190174984375 0.711039740625 0.6150803515625001 0.6890819078125 0.6219714796875
3 0.1663928703125 0.6350266578125 0.1631791265625 0.6384418593750001 0.16331670781250002 0.6388002703125 0.1788530890625 0.638339725 0.18291041875 0.6367822624999999 0.185356184375 0.63399835625 0.1663928703125 0.6350266578125
3 0.224876228125 0.585526153125 0.23070241875000003 0.5832896875 0.23207570624999999 0.5733758984375 0.2244172625 0.5749041734375 0.22407818750000003 0.583447184375 0.224876228125 0.585526153125