3 0.5215723671875 0.0929082453125 0.5226156343749999 0.09766544218749999 0.5259243328125 0.0993513078125 0.54713394375 0.10118295 0.547273315625 0.10090941875 0.545226428125 0.09587549375 0.5215723671875 0.0929082453125
3 0.5040561890624999 0.12927145 0.497294365625 0.11674103281249999 0.49175219531250003 0.11729765625 0.49843090625 0.129183575 0.503494234375 0.1317634703125 0.504102746875 0.1305692 0.5040561890624999 0.12927145
3 0.5326873562500001 0.21283253750000003 0.5286436218749999 0.208236778125 0.5233597140625 0.206812178125 0.520490103125 0.2176043546875 0.5237665171875 0.2222317078125 0.5291799453125 0.22246220625 0.5304235453125 0.220021503125 0.5326873562500001 0.21283253750000003
3 0.5310259234375 0.2498145890625 0.5315854515625 0.2487164515625 0.5273767234375 0.24450210156250002 0.5199998531250001 0.24644799218750002 0.5054788671875 0.24832797968749998 0.50531863125 0.24864246093750003 0.5071207453125 0.25108366718749997 0.520845175 0.2521607375 0.5284765765625 0.25118966249999997 0.5310259234375 0.2498145890625
3 0.6049834296875 0.352425884375 0.601832415625 0.3497639546875 0.5755270718750001 0.3534745 0.576513028125 0.3548536859375 0.5878655562499999 0.3606380890625 0.60456238125 0.35673540937500003 0.6057193625 0.354464703125 0.6049834296875 0.352425884375
6 0.51341906875 0.41320805 0.5138197 0.414098846875 0.5266673546875 0.42064505468749996 0.587635275 0.444473375 0.590509790625 0.4462658046875 0.5910321187500001 0.44524067812499996 0.5892229078125 0.4361972203125 0.5873057187499999 0.4016266375 0.5889332875 0.395483640625 0.5855240109375 0.3948029359375 0.5123945984375 0.3805712984375 0.511494415625 0.384549540625 0.5106304374999999 0.3936169796875 0.51341906875 0.41320805
6 0.5879993140625001 0.40280404062499997 0.5896713015625 0.429009715625 0.5906819578125 0.43882104843749997 0.591994040625 0.4434088546875 0.594422346875 0.4446461390625 0.5967693890625 0.4453032515625 0.5971735953125 0.44604797031250004 0.600075125 0.4475263734375 0.600539015625 0.447232553125 0.6013128156249999 0.4457138859375 0.60164463125 0.43278633906249997 0.60110683125 0.4198354375 0.5999308421875 0.40592552031249995 0.59981290625 0.3980480203125 0.5955527125 0.3960886234375 0.5940162046874999 0.39762982812500003 0.5897123453125 0.396493309375 0.5879993140625001 0.40280404062499997
3 0.510076359375 0.42754110624999997 0.504919715625 0.426603915625 0.4972315890625 0.43874399531249997 0.49778261874999996 0.4427538765625 0.5001472609375 0.4439587203125 0.5057710484375 0.4439315546875 0.513025446875 0.4296939953125 0.510076359375 0.42754110624999997
3 0.5755953859375 0.632516821875 0.543384734375 0.62054158125 0.535631665625 0.6165911953125 0.5344325421875 0.62100870625 0.5595080296875 0.6337853046874999 0.5746132890625 0.6392244375 0.5748372265625 0.6387849359375 0.5755953859375 0.632516821875
3 0.488389990625 0.6659406109375 0.501013034375 0.666655203125 0.5012329515625 0.6662235921875 0.49849219843750003 0.663376175 0.48184067812500003 0.6510887375000001 0.4596145140625 0.631312690625 0.45331435156250005 0.6245108140625 0.4436791859375 0.6257286093750001 0.4657306859375 0.6487961640625 0.4806646921875 0.6620043734375 0.488389990625 0.6659406109375
3 0.7558270546875 0.86177833125 0.7562220828124999 0.8610030453125 0.7486716828125 0.8516029250000001 0.71464760625 0.857930296875 0.7131346125 0.8595244171875001 0.711310465625 0.8631045046875 0.711189159375 0.865390559375 0.713802528125 0.8667221375 0.7215404265625 0.8679920859375001 0.7558270546875 0.86177833125
3 0.3304903609375 0.3508431203125 0.32800980625 0.33944288125 0.3273354125 0.33339466562500003 0.3212005828125 0.33069137656250003 0.3164693984375 0.3303935296875 0.31844187343749997 0.34611429843749997 0.32918918124999996 0.351590325 0.3302079046875 0.35139747187500003 0.3304903609375 0.3508431203125
3 0.33443389687499997 0.29491966718749996 0.33509714218750003 0.293617978125 0.334734446875 0.29162297812500004 0.31991949218750004 0.27646825625 0.313186409375 0.274939109375 0.311478971875 0.2768157828125 0.3272739765625 0.2922585859375 0.3288606125 0.2935529640625 0.33175906875 0.2950298015625 0.33443389687499997 0.29491966718749996
28 0.45838243125 0.53140383125 0.456569846875 0.5304802734375 0.4493447828125 0.52696794375 0.42143425937499995 0.5190852625 0.422746878125 0.5272756890625 0.4258308765625 0.5288470640625 0.43940582499999997 0.53246785625 0.4581327953125 0.537426890625 0.45898775625 0.5357489359375001 0.45838243125 0.53140383125
28 0.5176878125 0.49281933125000005 0.517433925 0.4897515078125 0.4955727671875 0.48473984843749995 0.47656815625000004 0.4792821421875 0.477401959375 0.48322481875 0.482381359375 0.48576195 0.498805515625 0.4901900796875 0.51679694375 0.49456775625000005 0.5176878125 0.49281933125000005
6 0.4315177296875 0.6653793421875001 0.43411273125000005 0.711916496875 0.446422325 0.7194562359375001 0.47381073125000006 0.73573541875 0.48888954218749997 0.7444748640625 0.5066103109375 0.7539266062500001 0.5341074124999999 0.7669055250000001 0.5360337562499999 0.7631248625 0.54170363125 0.7447635421875 0.54461690625 0.733148490625 0.5422880734375 0.72076398125 0.53889185625 0.7097371453125 0.5288155515625 0.6889681953125 0.5179700578124999 0.66970885625 0.43215848125 0.6641217937499999 0.4315177296875 0.6653793421875001
3 0.5663779250000001 0.8033527921875001 0.544176771875 0.79753405 0.5274666609375 0.7978936390625 0.5387561328125 0.807343334375 0.5593854234375 0.8178544828125001 0.5847674875 0.82328680625 0.5993846375 0.8262977078124999 0.6087634093750001 0.8255831171875 0.6169020046875 0.8280396859374999 0.6143604390624999 0.81533550625 0.5932248015625 0.8096371093749999 0.582487915625 0.805645365625 0.5663779250000001 0.8033527921875001
28 0.5587648796875 0.673770396875 0.5489356562500001 0.6675065796874999 0.5351182984375 0.67250931875 0.5261138578125 0.68059820625 0.531366825 0.686084765625 0.5355402359375 0.688211225 0.5480130859375001 0.68922104375 0.558406334375 0.67447408125 0.5587648796875 0.673770396875
28 0.47049085156250003 0.9356590328125 0.46387756874999997 0.9405293671875 0.4631371234375 0.9530402515624999 0.47562923125 0.9645711234375 0.4789168375 0.96624624375 0.49188460625 0.9599069109375 0.49316123906250003 0.9574013796875 0.47049085156250003 0.9356590328125
28 0.5105780109375 0.610024159375 0.4855674484375 0.602861134375 0.4801126078125 0.6017720046874999 0.474439440625 0.6047972578125 0.47575696718750005 0.6068947203125 0.4835710875 0.6108762140625 0.5072502140624999 0.6141203359375 0.5098160796875 0.611519534375 0.5105780109375 0.610024159375
28 0.4956715015625 0.057632198437500004 0.49626805 0.05646140625 0.4759104703125 0.045471765625 0.4749089921875 0.047053171875 0.4956715015625 0.057632198437500004
28 0.4212601375 1 0.3813280578125 0.983287165625 0.3785414046875 0.9975232390625 0.383402321875 1 0.4212601375 1