26 0.23969834687499997 0.7675301218749999 0.24518650625 0.7716657453125 0.2527500859375 0.7694783234375 0.05738195625 0.521377809375 0.048000771875 0.5240908890625 0.23969834687499997 0.7675301218749999
1 0.2074932828125 0.86101641875 0.20954964843749999 0.8442241703125 0.2011886359375 0.8363340718750001 0.1951590078125 0.83179041875 0.1803199921875 0.8289233828125001 0.20085170312499998 0.8673835656250001 0.20202757968750001 0.8682696515625 0.2074932828125 0.86101641875
28 0.2071596125 0.58649346875 0.2346147359375 0.589085115625 0.28610712656250004 0.5196706109375 0.2774029703125 0.4966039125 0.2293957234375 0.493023909375 0.22905056093749998 0.49348195781250004 0.24103147656249999 0.515661996875 0.25821183593749997 0.5188260171875 0.20566004375000002 0.5853634624999999 0.2071596125 0.58649346875
3 0.2376881203125 0.51577159375 0.23576259687499998 0.5183268484375 0.2224146765625 0.554946821875 0.2224278328125 0.5549567343749999 0.24782704843749997 0.5234118234375 0.2376881203125 0.51577159375
17 0.4027721609375 0.5205214640625 0.40075828593749996 0.47559490000000004 0.390133296875 0.4669770015625 0.3840073125 0.4696974734375 0.397196096875 0.5223112624999999 0.4103204 0.5322011343749999 0.4212185 0.5252508625 0.41796268124999997 0.5111809328125 0.4130805015625 0.525232384375 0.4027721609375 0.5205214640625
19 0.5839861125 0.4419874328125 0.5909930421875 0.4240345484375 0.5857935921874999 0.42011648125 0.586606771875 0.4060557921875 0.565289028125 0.38999171875 0.541915615625 0.39764246875000003 0.5350947781250001 0.406694028125 0.52913425 0.4163052859375 0.53210171875 0.41854143437499997 0.5674162578125 0.442340434375 0.5839861125 0.4419874328125
20 0.589305734375 0.6103388609375 0.6366214625 0.608943321875 0.7004588609375 0.5934632375 0.6965019765625 0.572751075 0.71029160625 0.5782511515625 0.7132979203125001 0.5731798390625 0.678665521875 0.5574761578125 0.6391065921875 0.575355128125 0.6160947218749999 0.5885841578125001 0.5950708328125 0.5721301265625 0.58752054375 0.5713317296875 0.5628356578125 0.530852025 0.5608273703125 0.5335171125 0.5508089843749999 0.5681233609375 0.582050653125 0.5861630984375 0.587040484375 0.608631871875 0.589305734375 0.6103388609375
28 0.7482762421875 0.7496963515624999 0.760576425 0.7553579765625 0.77113365 0.7651475999999999 0.7942360796875 0.7550437828125001 0.7919973546875 0.7374605296875 0.7678993859375 0.7272495328125 0.7387224390625 0.7076597921875 0.7383868359375 0.708105153125 0.7449774546875 0.7295412390625 0.737088340625 0.7346014640625 0.7407671640625 0.7440378546875 0.7482762421875 0.7496963515624999
3 0.8144841953125 0.6085268828125 0.7588398640625 0.60567 0.7587823578124999 0.6057463125 0.7623582953125 0.6194426765625 0.763458546875 0.6202717765625 0.8157735921875 0.6284517375 0.8144841953125 0.6085268828125
17 0.8273278171875 0.38410234375 0.8411852109375 0.388430696875 0.8467234859375001 0.3864901421875 0.8565568515624999 0.38534059374999996 0.8409585015625 0.37358639375 0.8404379359374999 0.3591320484375 0.832412671875 0.352473184375 0.82165153125 0.3321361953125 0.8120214609374999 0.32977057187500003 0.8024680125 0.334875846875 0.8013433187500001 0.336368365625 0.8061449828124999 0.3516322859375 0.8205451171875 0.36064938125 0.8187598109374999 0.372754734375 0.8273278171875 0.38410234375
28 0.3414988390625 0.39596794687500003 0.35277930468749996 0.402634203125 0.3598090296875 0.38897825625000004 0.351489909375 0.38270934843750004 0.34671984375 0.376057875 0.3403905640625 0.3822935203125 0.32599042968749997 0.373276421875 0.3112535578125 0.36622070624999997 0.30661743124999996 0.372373053125 0.30523654218749996 0.37475628906249997 0.3141228734375 0.3814526203125 0.32325579531250004 0.387723375 0.3414988390625 0.39596794687500003
3 0.110590671875 0.7211085203125001 0.1219292265625 0.7122279953125 0.1023767671875 0.69144135625 0.0997050484375 0.689428071875 0.091354428125 0.6943850859375 0.0892680578125 0.6971537921875 0.1078349640625 0.7190319453125 0.110590671875 0.7211085203125001
28 0.3162241140625 0.6645831234374999 0.2809115828125 0.6043465328125001 0.2760792984375 0.605025665625 0.27558464374999997 0.6056820953125001 0.27831247812500004 0.6164500375 0.3060962765625 0.6649605171874999 0.309394678125 0.667446040625 0.3162241140625 0.6645831234374999