7 0.5643492343750001 0.50632889375 0.5611955875 0.5029986531249999 0.559748715625 0.49936746093749995 0.5565782359375 0.496773453125 0.5508896796875 0.492790284375 0.5470162843749999 0.491200140625 0.543460678125 0.4905805359375 0.53902643125 0.491215759375 0.5358222796875001 0.4900942234375 0.5327265140625 0.49166666406250004 0.5280828671875 0.4940253265625 0.5170551296875 0.5005160671875 0.5091063203124999 0.50617060625 0.507734165625 0.5067058609374999 0.5034251390625 0.5092988265625 0.496338134375 0.514434771875 0.49269835000000006 0.51749634375 0.48990353593749997 0.520775559375 0.48744334218749996 0.52428908125 0.4856355578125 0.5290074437500001 0.4845811890625 0.5305132375 0.4879105640625 0.5335925140625 0.488052621875 0.53481401875 0.486028059375 0.5341444296875 0.48365204375 0.533976771875 0.48192843124999996 0.535013959375 0.48117501406249996 0.5382265296875001 0.48161802187499997 0.5411548093749999 0.4817264109375 0.543848784375 0.4825208734375 0.5462751328125 0.485356734375 0.5486348359375001 0.48754018906249996 0.5497896953125 0.490342378125 0.55362186875 0.4921820078125 0.5555645124999999 0.494831084375 0.557419415625 0.4967001765625 0.5580736453124999 0.4994276484375 0.5577393734375 0.5004315109374999 0.558442284375 0.5039871203125 0.559061890625 0.5041796828125 0.5580746890625 0.50740066875 0.5584599890625 0.5090327265625 0.5539925921875 0.514018371875 0.5589796234375 0.51978164375 0.567129240625 0.524240103125 0.5728691703125001 0.5264740625 0.5718153234375001 0.5307494171875 0.5706948281249999 0.5396515859375 0.5679519078124999 0.5492566640625001 0.564205128125 0.5564857265625001 0.5602906875 0.5637316234374999 0.5556400109374999 0.5734040421875 0.5489482875 0.5780813609375001 0.54511715625 0.5825661140625 0.5422732234375001 0.5846622296875 0.5398138078125 0.5878133484375 0.5353135421874999 0.5858639015625 0.5318659578125 0.5837309546875 0.5285023921875001 0.5817569 0.525624096875 0.57978284375 0.5227458 0.5772984390625 0.5198841671875 0.5756253359375 0.518712646875 0.5751318203125 0.5179930734375 0.57314093125 0.5158510125 0.5704976328125 0.5125041078125 0.5643492343750001 0.50632889375
24 0.4868737890625 0.549940196875 0.48839473437500003 0.5503319531249999 0.48978557812499995 0.55000146875 0.4923783015625 0.5462986765625 0.492402809375 0.5460322140625 0.49213552812500005 0.5428529671875 0.4922028703125 0.5399080234375 0.491232678125 0.5377326421874999 0.48889033125000003 0.5360925140624999 0.48737612031250005 0.5354062625 0.4853515578125 0.534736671875 0.4838205125 0.5347866578125 0.48227262968750007 0.535572878125 0.48172861093749997 0.5370620109375001 0.48148554062500004 0.54025791875 0.481593928125 0.5429518953125 0.482053771875 0.5451439406249999 0.48265756406250004 0.5469879640624999 0.4868737890625 0.549940196875
28 0.7158217687499999 0.6327373484375001 0.7132387390625 0.634049353125 0.7124043984374999 0.6352409156250001 0.7112696734374999 0.6385262203125001 0.710448915625 0.6446837328125 0.7078635 0.6462395109375 0.7081307812500001 0.6494187578124999 0.70751941875 0.65385283125 0.7051507796875 0.6607965640625 0.7014436546875 0.6668030796875 0.6988077328125 0.6705675640625001 0.69731773125 0.6762564671875 0.6981458671875 0.6772103453125 0.6995011859375 0.6774113265625 0.7021673703125 0.6816157828125 0.7043005796874999 0.683109471875 0.7066124015625 0.678650534375 0.7127460484375 0.6706029703125 0.717666434375 0.66357593125 0.72290460625 0.65751943125 0.728109109375 0.6529354015625 0.733121046875 0.6493385734375 0.7362989515625 0.6474262640624999 0.737221525 0.6461086921875 0.7360000359375001 0.64237818125 0.7347457281249999 0.6377597859375 0.7323286640625 0.6319532109375 0.73088179375 0.62832201875 0.7311080265625 0.625862346875 0.7243987749999999 0.6219124984375 0.7239463078124999 0.62683184375 0.7196877859375 0.6272161015625 0.717754778125 0.629976725 0.7158217687499999 0.6327373484375001
3 0.2973044453125 0.1701301046875 0.288108975 0.1780534203125 0.292881221875 0.18139498437499998 0.30195546875 0.1748828328125 0.2973044453125 0.1701301046875
3 0.26788631875 0.234906990625 0.26579210937500003 0.24444777499999998 0.27167411874999997 0.24856640156249998 0.27215151249999997 0.2478846125 0.27360025 0.23811502187500003 0.2679082296875 0.2348756984375 0.26788631875 0.234906990625
3 0.407271334375 0.00989405 0.40646298593749997 0.0110484921875 0.4173758109375 0.018689734375 0.4184857875 0.017104523437499998 0.407271334375 0.00989405
3 0.41911771406250004 0.042499740625 0.42058332343749993 0.0438251828125 0.42198035312500004 0.044803393749999997 0.4257563109375 0.039410768750000005 0.4267150671875 0.037347134375 0.4223481609375 0.035037415625 0.41911771406250004 0.042499740625
3 0.4053701171875 0.0494563203125 0.39671452500000004 0.04411090625 0.39543697187500004 0.04719958125 0.401729040625 0.051605334375 0.4049190828125 0.0501004640625 0.4053701171875 0.0494563203125
3 0.405681678125 0.0898734 0.40257802812500004 0.0865340875 0.40245672031249996 0.08644914687500001 0.395799515625 0.09323248437500001 0.4005770671875 0.0965777609375 0.40193631874999997 0.0952223265625 0.405681678125 0.0898734
3 0.29734020625 0.120617278125 0.29753179531249996 0.1236126203125 0.29922683437500003 0.1247995 0.30947973281249996 0.1264709984375 0.3106525625 0.1247960234375 0.3108597265625 0.1240995578125 0.3091697859375 0.1236642734375 0.29734020625 0.120617278125
3 0.461652746875 0.13154526718749998 0.4771276734375 0.137665403125 0.4786692453125 0.135463809375 0.46207154531250005 0.12809839375 0.461652746875 0.13154526718749998
3 0.50505926875 0.0724565125 0.5056993109375 0.07234365468750001 0.5064256546875 0.0713063296875 0.4974785703125 0.060154428125000006 0.495052046875 0.0621954765625 0.5012864171875 0.0698147328125 0.50505926875 0.0724565125
3 0.564944546875 0.09149911093749999 0.5728767015625 0.0935422296875 0.5733050390625001 0.0929305015625 0.5726098828125 0.090807446875 0.5628216984375001 0.0876938046875 0.562147115625 0.089540328125 0.564944546875 0.09149911093749999
3 0.6394521078125 0.10742812187499999 0.640117678125 0.1064775875 0.6398296859375 0.10559803593749999 0.6260933921875 0.0967278046875 0.6254607703125 0.09763128125000001 0.6394521078125 0.10742812187499999
3 0.599827140625 0.05559605937499999 0.5996217406250001 0.056649073437499996 0.6079649546875 0.062491056249999996 0.609230196875 0.060684103125 0.599827140625 0.05559605937499999
3 0.64361271875 0.0531176046875 0.652467346875 0.05615080625 0.653199434375 0.05510527656250001 0.6528408 0.0530713703125 0.6420319203125 0.049991054687499994 0.64288994375 0.052611510937499995 0.64361271875 0.0531176046875
3 0.631372575 0.0905504171875 0.6382518828125 0.0989578734375 0.6407146906250001 0.10068235 0.643067471875 0.0994872953125 0.6357731531249999 0.0913876640625 0.633447640625 0.0890113 0.631372575 0.0905504171875
3 0.6412755156250001 0.06864821875 0.6432718953125 0.069283271875 0.6448131046875 0.06708219531250001 0.6442469609375 0.0646324546875 0.6334044109375 0.0630246078125 0.6335190046875 0.0632170515625 0.6412755156250001 0.06864821875
3 0.660200996875 0.0647328421875 0.665267765625 0.06493322343749999 0.661285984375 0.060649103125000006 0.654844009375 0.059878503125 0.65662891875 0.06223164531249999 0.660200996875 0.0647328421875
3 0.690705921875 0.209927934375 0.6908587093749999 0.21018452187499997 0.6951195515624999 0.2131679953125 0.6957053125 0.212331440625 0.6969647921875 0.20383811093749998 0.692597884375 0.20152839218750002 0.690705921875 0.209927934375
3 0.6882434890625 0.1739535875 0.693363696875 0.18141916875 0.695940275 0.1832233078125 0.697163465625 0.1830076265625 0.6977528859375 0.18216584687499998 0.6925883749999999 0.1736952546875 0.689794290625 0.17173881562499999 0.6882434890625 0.1739535875
3 0.7074153734374999 0.1664612734375 0.7107326390625001 0.1663529734375 0.711471953125 0.165297125 0.7047026171875 0.1572311515625 0.7019583078125 0.1583016609375 0.7070361328125 0.16619572656249998 0.7074153734374999 0.1664612734375
3 0.7441185828125 0.23195599687500001 0.7477507390625 0.23334761406250001 0.74849509375 0.2322845671875 0.7463620015625 0.2230545234375 0.743333578125 0.22168202187500002 0.742279209375 0.223187815625 0.7441185828125 0.23195599687500001
3 0.7587716062500001 0.314961453125 0.766115353125 0.3133615171875 0.7677687109375 0.311000278125 0.7646964406250001 0.3099841765625 0.7554764875 0.31175655625 0.7570624640625 0.3137646984375 0.7587716062500001 0.314961453125
3 0.5887226296875 0.6441450468750001 0.604392615625 0.63967026875 0.6072636921875 0.635569946875 0.6036095375 0.6324648734375 0.5847508359375 0.6394565078125 0.587836609375 0.6435246484375 0.5887226296875 0.6441450468750001
3 0.72208536875 0.66122823125 0.7180185125 0.67364026875 0.7243679421875 0.6780861875 0.7259281578125 0.6758579703125001 0.7281389640625 0.6654670031250001 0.72208536875 0.66122823125
3 0.5213933046875 0.5989080062500001 0.536140696875 0.6009373296875 0.5363182171875 0.60068380625 0.5357828359375 0.5960802562499999 0.51993780625 0.5902216124999999 0.519193603125 0.5973677578125 0.5213933046875 0.5989080062500001
3 0.638401896875 0.633151796875 0.6489827734375 0.6304716375 0.6503306078125 0.6285467296875 0.6488581 0.6260738531250001 0.63865111875 0.6264070859374999 0.6347811015625 0.6306164890625 0.638401896875 0.633151796875
3 0.6089626906250001 0.673576971875 0.616239834375 0.6745092640625 0.61761746875 0.6725417984375001 0.617505290625 0.6707879875 0.6080348921875001 0.6686448859375 0.60857708125 0.6733069656249999 0.6089626906250001 0.673576971875
3 0.7774530296875 0.231790384375 0.7745627390625 0.22976658125 0.7705649265625001 0.23547605 0.773367378125 0.2374383484375 0.7741010125 0.236577559375 0.7774530296875 0.231790384375
3 0.7630658859375 0.2435773890625 0.7698784562500001 0.2453321296875 0.7702892218749999 0.24474549687499997 0.769815225 0.24205732812499997 0.7600270421875 0.23894368593749998 0.7601948390625 0.24156705937499998 0.7630658859375 0.2435773890625
3 0.7017160484375 0.194729084375 0.7033933359375 0.19590353437500002 0.7047080015625 0.194025996875 0.703925796875 0.1873000828125 0.7019180703125001 0.1858942578125 0.700160790625 0.188403915625 0.7017160484375 0.194729084375
3 0.2555451046875 0.035081953124999996 0.2634337109375 0.0396799375 0.26512509375 0.03726439375 0.26543098593750003 0.0365248515625 0.25268172031249997 0.029093765625 0.25140416875 0.0321824390625 0.2555451046875 0.035081953124999996
3 0.250257328125 0.24882988749999999 0.2653167765625 0.24402494843750003 0.26542056718749996 0.2438767203125 0.26153723125 0.2382145734375 0.24848493125 0.244035728125 0.24999441249999999 0.2486457921875 0.250257328125 0.24882988749999999
3 0.3464430375 0.033875721875 0.3527133390625 0.032037381250000004 0.3531782875 0.0313733671875 0.35103253125 0.02987089375 0.3448746734375 0.0315433015625 0.3459511421875 0.03353129375 0.3464430375 0.033875721875
3 0.39083740625 0.135537025 0.39091521875 0.135479309375 0.3921884046875 0.1336610109375 0.3850462203125 0.1265637375 0.383991853125 0.12806953125 0.3899130140625 0.1348897578125 0.39083740625 0.135537025