18 0.2574789921875 0 0.1880280328125 0.0636675203125 0.17599192187499998 0.1070697 0.16673933125 0.1201191828125 0.1643899859375 0.1407641671875 0.17129805625 0.1460419875 0.1846655734375 0.14484643125000002 0.1947426890625 0.15527429375 0.196605146875 0.1559155890625 0.2027413765625 0.15454944531249998 0.2225924671875 0.1352921078125 0.25767318125 0.1009844953125 0.29394061875 0.0647661609375 0.315260784375 0.03826675625 0.316577203125 0.0344435984375 0.3165028640625 0.0215094046875 0.3196047578125 0.008661410937499999 0.3167511953125 0 0.2574789921875 0
1 0.18034214375 0.1152647078125 0.1764678046875 0.10766843749999999 0.1763253390625 0.10761938281250001 0.16684919843749998 0.1198960890625 0.1639643796875 0.1420962015625 0.16720873125 0.144141059375 0.1720072359375 0.1457933171875 0.17756574218750001 0.1454047546875 0.1801010390625 0.13804171875 0.18179900468750002 0.1256235546875 0.18034214375 0.1152647078125
28 0.2532352578125 0.3656445625 0.264668271875 0.41306895624999995 0.27651135781249997 0.43396210156250004 0.2915624609375 0.44784214999999994 0.3037270421875 0.46216338281249997 0.30819021874999997 0.46370017812500003 0.31512805781250003 0.46233463124999996 0.324486771875 0.45512004843750004 0.33398056875000004 0.43983427500000005 0.340227765625 0.4216911 0.329330196875 0.40112352656250005 0.30979270625 0.383379346875 0.30117694375 0.3462023828125 0.29176036875 0.32440524531250003 0.2816732359375 0.3122344328125 0.26770270625000003 0.319020709375 0.25571003124999997 0.34156375156249996 0.2532352578125 0.3656445625
28 0.28866969375 0.333285228125 0.2367047 0.382073375 0.24144415624999999 0.42419234218749996 0.24206967656249997 0.42440772656250003 0.2791469125 0.39088904062499996 0.2885321359375 0.3750547125 0.29095944375 0.3680052984375 0.28866969375 0.333285228125
28 0.6179468 0.5509044265624999 0.6275611296875 0.527877671875 0.629627725 0.5218758453125 0.62315683125 0.5196477390625 0.613571390625 0.522145565625 0.616543 0.5434630281249999 0.605100278125 0.557497896875 0.5920173734375 0.569692365625 0.5923483046875 0.5698063140625 0.604613040625 0.5642881562500001 0.6179468 0.5509044265624999
4 0.7105562171875001 0.3692388453125 0.7118710578125 0.36969158125 0.72327886875 0.3657483328125 0.7374954312499999 0.35440808281249997 0.754707565625 0.3313924921875 0.7560199359374999 0.3275810921875 0.7553783187499999 0.31475861875 0.7509594734375 0.30685889375 0.743520753125 0.300818521875 0.7302641875 0.3055312953125 0.7205484921875 0.31378262968750004 0.7031962515625 0.3541946453125 0.708285653125 0.3524680515625 0.7105562171875001 0.3692388453125
28 0.7417445078125 0.5723383937500001 0.743860815625 0.598840803125 0.7446183703125 0.5991016499999999 0.7503862156250001 0.593506325 0.7517751015624999 0.5894727093750001 0.750825965625 0.5648833859375 0.7504511484374999 0.5647543265625 0.7417445078125 0.5723383937500001
28 0.738051928125 0.5621374640625 0.7393204921875001 0.5584532906249999 0.739468403125 0.5563919609375 0.7317744390625001 0.5599759515625 0.738051928125 0.5621374640625
28 0.21571133750000002 0.827754603125 0.21672606249999998 0.8321193625 0.21729967343749998 0.8323168734375 0.236020553125 0.810718259375 0.23638051093749998 0.8096728656250001 0.23438173906249998 0.8068005859375 0.23367567656250002 0.80655746875 0.21571133750000002 0.827754603125
28 0.3128991609375 0.3232038171875 0.31318923125000003 0.323303696875 0.328861265625 0.309666896875 0.332607940625 0.3046409109375 0.334362790625 0.2995444546875 0.3262321578125 0.2942657265625 0.3128991609375 0.3232038171875
28 0.9009885578124999 0.376893271875 0.9012322671874999 0.3761854890625 0.9005146890625 0.37289426875 0.895955934375 0.375383415625 0.8894048453125001 0.36906884375 0.8857288953125 0.373601471875 0.8888197312499999 0.3777388609375 0.895311240625 0.3799740671875 0.8968339125 0.3797445796875 0.9009885578124999 0.376893271875