2 0.5825937953125 0.6877431781250001 0.5571466546875 0.6769293984375 0.5480952734375 0.681742103125 0.5456074359375 0.71087355 0.47266798593750003 0.73512619375 0.3901265359375 0.725567534375 0.38992566875 0.6998319671875 0.385040675 0.6864183296874999 0.376005296875 0.678582234375 0.3591384515625 0.6799663203125 0.35048481875 0.69327529375 0.34294355625 0.7037456484375 0.3369248546875 0.710035696875 0.3343454734375 0.7192722484375 0.31250252343749996 0.7331335125 0.309693825 0.73912125 0.356899921875 0.74267265 0.3783633359375 0.75204660625 0.47414194062500004 0.7352968843750001 0.632329921875 0.7535253171875 0.6333290203125 0.7537314375 0.6327367828125 0.7548187984375 0.6355848078124999 0.7638731640625 0.642939859375 0.762209575 0.6482219875 0.7569291390624999 0.648068565625 0.755438340625 0.64954251875 0.7556090296875 0.6500897250000001 0.7544298390625 0.6569381546875 0.760513515625 0.6530356109375 0.7621785812499999 0.654353771875 0.762732365625 0.6531360640625 0.7634995499999999 0.655848296875 0.7991657125 0.6802404015625 0.7999600734375 0.6833535265624999 0.7839791328125 0.666721625 0.7692044828125 0.6675353859375 0.7682702390625 0.6728080296875001 0.7704853859374999 0.6869055703125 0.678451328125 0.6864566562500001 0.6776070437499999 0.685463403125 0.6777504125 0.686067821875 0.67687575 0.683633453125 0.67229736875 0.6500074015624999 0.6649135453125 0.6544013265624999 0.651341440625 0.6106972140625 0.64733248125 0.60461229375 0.6598374359375 0.581040578125 0.6563597046874999 0.5690120671875001 0.661912690625 0.585734025 0.682796375 0.5825937953125 0.6877431781250001
2 0.3075834359375 0.7086145484374999 0.3011114359375 0.704190703125 0.30572400625 0.6970875046875 0.301410796875 0.6889755375 0.29845295625 0.683694403125 0.285403303125 0.6760405125 0.285371225 0.67605756875 0.264699709375 0.7019222171874999 0.25029406718749997 0.7126545171875 0.25042693437499997 0.7129044015625 0.2608808546875 0.7222109375 0.2714352390625 0.72867756875 0.2797868625 0.7268071265625 0.304359025 0.713741875 0.3075834359375 0.7086145484374999
2 0.3331665390625 0.7130312062499999 0.313738096875 0.7095976203125 0.2950478171875 0.722344371875 0.311610234375 0.7309534906249999 0.33245903125 0.71874440625 0.3331665390625 0.7130312062499999
2 0.4371802234375 0.7988479734375 0.43989008281249997 0.7971824 0.4402518390625 0.7880014 0.4488085921875 0.7590137968749999 0.45342547343749995 0.7418988546875 0.453029225 0.7411536203125 0.450929340625 0.7432796171875 0.44112023437500003 0.7473716296874999 0.41774760781250003 0.7710348890625001 0.42147535156249993 0.7766369875 0.41778537812499994 0.7873067375 0.42045808124999995 0.796559659375 0.43274497656250005 0.8012062359375 0.4371802234375 0.7988479734375
2 0.34706775156249997 0.8180400750000001 0.3429693625 0.8286460874999999 0.3479937453125 0.8285728578124999 0.36857271406250003 0.817630825 0.37134697656250004 0.8158046046875 0.3775303671875 0.8021817359375 0.377275803125 0.8017029718750001 0.34706775156249997 0.8180400750000001
2 0.4175690203125 0.774308978125 0.3912162359375 0.7833160515625 0.4046206453125 0.7972559515625 0.4155474625 0.79796283125 0.4167237265625 0.7973374 0.41419332343750004 0.7955368125 0.42034090468749996 0.77962779375 0.4199655328125 0.7788161640625 0.4175690203125 0.774308978125
2 0.5841340546875 0.96669129375 0.587831246875 0.9647254609375 0.5874111562500001 0.9639353859374999 0.5637865843750001 0.944729746875 0.5490333765625001 0.9360013421875 0.5405641765625 0.941908971875 0.53703908125 0.96063701875 0.5329264671875 0.9824864078125 0.5602472640625 0.974701171875 0.5841340546875 0.96669129375
2 0.5875857718749999 0.9176688468749999 0.5703866453125 0.9044371890624999 0.558533678125 0.9096159421875001 0.5542668578125001 0.9149744984374999 0.5630031453125001 0.92858753125 0.570984859375 0.943598953125 0.5715726734375 0.94328640625 0.592616021875 0.9271293734375 0.5875857718749999 0.9176688468749999
2 0.5510618296875001 0.9205690421874999 0.5465328281249999 0.9232861390625 0.538285834375 0.938064271875 0.5647708734375 0.9380547828125 0.564795134375 0.938041884375 0.55452544375 0.9187274046875 0.5510618296875001 0.9205690421874999
2 0.768170134375 0.56009145 0.7916649625 0.5782166203125 0.80707190625 0.577608778125 0.8242253953124999 0.5802857109375 0.8463291640625 0.57952998125 0.8465910140625 0.5793907546875 0.8394101640624999 0.5658855390624999 0.832475946875 0.5626967359374999 0.8093357624999999 0.54101225 0.79955155 0.5254283546875 0.7896868921875 0.5273027421875 0.7792329390625 0.533703890625 0.7795106953125 0.544792021875 0.768170134375 0.56009145
2 0.84378565 0.564955625 0.836840796875 0.5478901031250001 0.8303221375 0.5342215203125 0.8301889125 0.5252454171875 0.8238237984375001 0.513274378125 0.8098546531249999 0.5217899609375001 0.8030817859375 0.524548471875 0.8022613937499999 0.52723184375 0.807739240625 0.5333078718750001 0.8220142562499999 0.5509982953125 0.8337294515625 0.562465621875 0.8428331359375001 0.5654620859375 0.84378565 0.564955625
2 0.821858928125 0.5129072046875 0.8178558484374999 0.5053785078125 0.8070554703124999 0.489697271875 0.7866902 0.48872807187499995 0.7807897140625 0.493831684375 0.7891784703125 0.505382340625 0.8020095890625001 0.511200203125 0.8141147546875 0.5170248546875 0.821858928125 0.5129072046875
2 0.8004672984375001 0.52463245625 0.8081820453124999 0.5219489734375 0.8097384640625 0.5211214109375 0.8099516796874999 0.52046681875 0.8081142531250001 0.5170111234375 0.7916181328125 0.5079895953125 0.8004672984375001 0.52463245625
2 0.79160668125 0.512590575 0.7785898062500001 0.494299159375 0.7692646578125 0.530998603125 0.7786564578124999 0.533869965625 0.7924386250000001 0.5259800640625001 0.7973472562499999 0.5241706515625 0.7976720828125 0.5239979375 0.79160668125 0.512590575
2 0.755362821875 0.49048363906250003 0.7622307921875 0.504809178125 0.7581772859375 0.5260653484375 0.766199303125 0.53011446875 0.7677155265625 0.529308278125 0.7765430078125 0.4909163453125 0.77626609375 0.49039554687500003 0.755362821875 0.49048363906250003
2 0.6784184484375 0.5005252890625 0.69017496875 0.5254536203125 0.69998051875 0.5241724515625 0.7044033265625 0.5338993046875 0.718375021875 0.5466948859375 0.730500203125 0.5402478125 0.733576434375 0.5380503609375 0.7449152171875 0.524156353125 0.7571748234375 0.520446759375 0.748080053125 0.49396488749999995 0.7452688546874999 0.48867779218749996 0.7378983734375 0.4891237171875 0.7322449859375 0.48342192031250003 0.718362384375 0.478444034375 0.704594440625 0.4750905578125 0.6929832375 0.47368016874999996 0.6818306671875 0.47876741093749997 0.6902158640625 0.49312890937500004 0.6784184484375 0.5005252890625
2 0.7692635046875 0.5437897953124999 0.7688895796875 0.5430865421875 0.7547305953125 0.534709696875 0.72962386875 0.545250225 0.7115228859375 0.5534702125 0.7089506171875 0.557085075 0.715935021875 0.5716295984374999 0.747865053125 0.5664075734375 0.758706890625 0.5606428640625001 0.7692635046875 0.5437897953124999
2 0.7299188875 0.594011290625 0.74490345 0.5892179734375 0.7486129046875 0.5872456203125 0.7492486765625 0.5831716671875 0.7438299390625 0.5765024203125 0.741035465625 0.5712467796875 0.7298917859375 0.5693069093750001 0.7186210015625 0.5755805875 0.7233268953125 0.592179303125 0.727706596875 0.589850575 0.7299188875 0.594011290625
2 0.7615706703125 0.557350525 0.7612968625 0.5574961109375 0.754218346875 0.5648271968749999 0.7444092390625 0.568919209375 0.747493915625 0.5754250234375 0.7595266125 0.5725944953125001 0.7598525625 0.5724211859375 0.765048915625 0.5591607765625 0.7644878265624999 0.5581055203124999 0.7615706703125 0.557350525
2 0.6543929562499999 0.5639733921875 0.6690941687499999 0.5676733265625 0.6788352796875 0.5712016421875 0.6631274671875 0.57899184375 0.6621279765625 0.5848602953125 0.6659148265625 0.589869175 0.6651499875 0.5947701703125 0.66724584375 0.5987119015625 0.671799309375 0.5974143625 0.6747675484375 0.603701190625 0.679310346875 0.6108361859375 0.683775225 0.6146418640625 0.6986608000000001 0.6067270640625 0.7030718296875 0.6026963046875 0.718788534375 0.58787899375 0.717069865625 0.578756240625 0.7079234828125001 0.5615543953125 0.6936364953124999 0.5419836499999999 0.6812066796875 0.5418512109375 0.6716393359375 0.539354084375 0.6580971531250001 0.5420602640625 0.6501617000000001 0.5412235046875 0.64133074375 0.5563121343749999 0.656449265625 0.5530486953125 0.6543929562499999 0.5639733921875
2 0.6632231171875 0.49992512343750006 0.6623112359375 0.48242665625000003 0.6606969781250001 0.47939067968750004 0.65533605625 0.47871176562500006 0.6504852750000001 0.48438082031249996 0.6464011109375 0.4837434546875 0.6437017375 0.495571865625 0.6464997671875 0.49801666093749997 0.64573670625 0.5015122375 0.660347975 0.5014538640625 0.6632231171875 0.49992512343750006
2 0.6570041328125 0.509425559375 0.6561104109375 0.523945525 0.6594155125000001 0.540727265625 0.660193284375 0.540468209375 0.6715020203125001 0.5344552484375 0.6652223265625 0.5145273015625 0.6622471359375 0.5089317828125 0.6570041328125 0.509425559375
2 0.6327731546875001 0.511003359375 0.6334575484375 0.523560646875 0.6381150046874999 0.5323200484374999 0.6365193796875 0.538898721875 0.6475637812499999 0.5330263109375 0.643694953125 0.5206351437500001 0.6393690000000001 0.5124992078124999 0.6327731546875001 0.511003359375
2 0.638150671875 0.5035514453125 0.6338629203124999 0.5023903140625 0.6289565890625 0.50584174375 0.6237440546874999 0.520691796875 0.6317350625 0.5237461828125001 0.6338522531249999 0.510822846875 0.641846815625 0.5110663890625 0.6411178609375 0.5091319171875 0.638150671875 0.5035514453125
2 0.652793515625 0.5939526765625 0.6468970656249999 0.60142770625 0.6705373265625 0.6216805796875 0.671571278125 0.62113081875 0.6749207828125 0.6159726984375 0.6738068984375001 0.6138777875 0.6652686937500001 0.6099175375 0.6536096984374999 0.5935187046875 0.652793515625 0.5939526765625
2 0.207011521875 0.5673027015625001 0.212587703125 0.56433779375 0.2160607015625 0.5573086468749999 0.21850446093749998 0.5430360296875001 0.21695957500000002 0.540130521875 0.2100220125 0.533272628125 0.1824807890625 0.5307819390625 0.16735515625 0.5396670671875 0.16091915 0.5529204890625 0.153143234375 0.5643582953124999 0.1566327703125 0.573738690625 0.17127665625 0.576626421875 0.207011521875 0.5673027015625001