8 0.5215806109375001 0.4188792515625 0.505206421875 0.420373925 0.47027462499999995 0.4868199796875 0.4694245125 0.4965388078125 0.48834269687500004 0.49388028124999994 0.4897190046875 0.49255119687500004 0.5221146625 0.4296926703125 0.5230084953125 0.4203578671875 0.5215806109375001 0.4188792515625
28 0.5336978953125 0.006308025 0.532949628125 0.005533171875 0.5070311359375 0.00031965625 0.4711040140625 0.03056513125 0.4456328359375 0.053330445312499995 0.41693088906250003 0.08575823593750001 0.4589344125 0.11391897656250001 0.45978843906250005 0.11309425312500002 0.515866975 0.026331709375 0.5336978953125 0.006308025
26 0.485303265625 0.498276928125 0.47574745937499996 0.4935863234375 0.47330439999999996 0.4920200203125 0.47214523281250004 0.49589792343749994 0.47319487968749996 0.4969848625 0.4843676859375 0.502063165625 0.4867437671875 0.49976861093749997 0.485303265625 0.498276928125
16 0.8619272953125 0.493229528125 0.8637463515625001 0.47969627812500004 0.87191455 0.43976598593749994 0.8705905656249999 0.43839495937499995 0.8429359609375 0.445620225 0.8235280375 0.4515388140625 0.8042566640625 0.47590641875 0.8039028671875 0.48854809374999997 0.8164808171875 0.49001023593750004 0.833823165625 0.4795437859375 0.8442194046875 0.5009085515625 0.8619272953125 0.493229528125
28 0.662785028125 0.8539183609375 0.67724125625 0.8414629328125001 0.6907958640625 0.8283734 0.7182440296875 0.7912282140625 0.714344165625 0.7871897859375 0.6787603437499999 0.8285464843750001 0.662785028125 0.8539183609375
28 0.976838371875 0.5751490078125 0.9916234234375001 0.5639331703125 0.9973457109374999 0.5584072203125 0.9949575484375 0.55593420625 0.9749451718750001 0.571743203125 0.976838371875 0.5751490078125
3 0.783504628125 0.3343320609375 0.79912566875 0.33277701406250004 0.8035400828125001 0.3285140625 0.8043386234375 0.3270522296875 0.8043113828124999 0.32702402343750003 0.7864203140625 0.32916109374999997 0.783504628125 0.3343320609375
3 0.527348909375 0.7342451390625 0.5342667765625 0.7266753875 0.530634234375 0.72291378125 0.5151089703125 0.7399020171874999 0.5177836765625 0.7434821765625 0.527348909375 0.7342451390625
3 0.7544179765625 0.2714660125 0.7579746765625 0.27042592656250003 0.7611009203125 0.2674069484375 0.7680842734375 0.2535208390625 0.7678175875 0.253244678125 0.7633641765625 0.2547139921875 0.7544179765625 0.2714660125
3 0.6797308484375 0.288188121875 0.6892961671875 0.2911332484375 0.6937853484375001 0.286798096875 0.6922384296875 0.28519621562499997 0.6843525328125 0.281893090625 0.6797308484375 0.288188121875
3 0.3218802125 1 0.327829396875 0.9942549421875 0.32779506875000003 0.9942193937500001 0.31462140625 0.9888868531250001 0.310632778125 0.9953556515624999 0.321743565625 1 0.3218802125 1