6 0.32871839999999997 0.6158792640625 0.333434465625 0.62027706875 0.3500486734375 0.6331588515625 0.3739176125 0.6516866890624999 0.3905785390625 0.6614582328124999 0.3997896015625 0.662247953125 0.5500242656250001 0.5205362265625 0.5514800015625 0.520399478125 0.556332390625 0.515195928125 0.5567663828125 0.5142759531250001 0.5471161328124999 0.504259590625 0.46856540625000004 0.4357575171875 0.41630508437499997 0.3948237140625 0.31059896875000004 0.5872151953125 0.3110856375 0.5944514 0.3173989546875 0.602712496875 0.32871839999999997 0.6158792640625
13 0.5455671062499999 0.5028659671875 0.55734504375 0.5135099515625 0.554543740625 0.5203930265625 0.5507972953125 0.5219861921875 0.529363178125 0.54303194375 0.5394288796875 0.5632701671875 0.5510972109375001 0.5775592078125 0.5564617265625 0.5825617000000001 0.578801428125 0.5986291875 0.599981828125 0.6054937109375 0.6155507203125 0.6057689421875 0.6311908296875 0.6030585171875 0.6460326890625 0.599264590625 0.6497243265625 0.596039175 0.6609794375 0.5839695468749999 0.66413135625 0.579856146875 0.66951585 0.5648692515625 0.6717102984375 0.552333496875 0.6712918796875 0.5353264890625 0.666693765625 0.5242563 0.65300180625 0.5040277234375 0.64627348125 0.49753303281249994 0.6303038921875 0.48264114999999996 0.6071735015625 0.4663789203125 0.595931196875 0.464373275 0.5798311265625 0.465637425 0.566149553125 0.46915686093750003 0.5561669453125 0.473073565625 0.5433103359375 0.48346642968750003 0.5365934421875 0.4921240578125 0.5455671062499999 0.5028659671875
28 0.26544846718750004 0.798297853125 0.27691266875 0.7942173421875001 0.278692209375 0.7923090203125 0.2668005421875 0.772853071875 0.261018403125 0.76305259375 0.2529661421875 0.7585958078124999 0.2459079875 0.7608310640625 0.24605636406250003 0.7684300421875 0.2563831984375 0.7777208546875001 0.264824321875 0.7977158281250001 0.26544846718750004 0.798297853125
2 0.5251257625 1 0.53253916875 0.992050096875 0.524710115625 0.9921118390625001 0.51708659375 0.9971656484375 0.516542403125 0.9977492203124999 0.518475634375 1 0.5251257625 1
2 0.5299307453125001 0.949316990625 0.5286033406249999 0.9582357765625 0.5292987250000001 0.9588842328125 0.5337952875 0.960919278125 0.5348301921874999 0.959809478125 0.5345748546875 0.95500416875 0.5299307453125001 0.949316990625
2 0.6281577640625 0.8865651937499999 0.6285689296875 0.8867797234375001 0.6291986625 0.8861044171874999 0.6271160703125 0.8792522734375 0.621334690625 0.8802025734375001 0.6281577640625 0.8865651937499999
2 0.489130715625 0.8487876875 0.49945166093750004 0.848829328125 0.500174603125 0.8480540671875 0.4916941203125 0.8428018640625 0.4883695890625 0.8480779249999999 0.489130715625 0.8487876875
2 0.3223638 0.657701446875 0.3155207859375 0.6543723046875 0.310228284375 0.6585931781250001 0.3149878859375 0.6671688296875 0.31685315 0.6689082156249999 0.3169983375 0.668752521875 0.3223638 0.657701446875
2 0.300271859375 0.7513664984374999 0.30242940625000003 0.7580074171875 0.305002971875 0.7604073062500001 0.3122902796875 0.763152684375 0.31322695 0.7621482281249999 0.3124987390625 0.752442078125 0.311866153125 0.7518521812500001 0.300271859375 0.7513664984374999
2 0.2885371953125 0.7636533921875001 0.2856349984375 0.76094705 0.2786228375 0.75779929375 0.2767206875 0.7618074874999999 0.2798140609375 0.7646921046874999 0.2876053703125 0.7690044578124999 0.288722603125 0.767806371875 0.2885371953125 0.7636533921875001
2 0.6639605875 0.807042221875 0.6638013140625 0.810844434375 0.6647350249999999 0.8117151328125001 0.6741262906250001 0.8127237624999999 0.6749297359375 0.8118621718749999 0.671816553125 0.8076365187500001 0.6716387890625 0.8074707515625 0.6639605875 0.807042221875
2 0.5785249640625 0.97102915625 0.5771541499999999 0.9735998515625001 0.57858126875 0.9749306593749999 0.5818610890625 0.975815790625 0.5849803484375 0.9724707953125 0.5851736062499999 0.9721423328125001 0.5785249640625 0.97102915625
2 0.466819021875 0.8508213546875 0.46813980781250003 0.852714290625 0.4701938078125 0.8546296765625 0.47774035000000004 0.8537833687499999 0.4781975171875 0.8532931171874999 0.4720877859375 0.8475957015625 0.466819021875 0.8508213546875
2 0.6020379328125001 1 0.60265504375 0.9993382296875 0.6023660468750001 0.997720740625 0.5958153328125 0.9994118343749999 0.5962071875 0.9999128921875 0.5963005984375 1 0.6020379328125001 1