6 0.5419867125 0.5568007484375 0.55245620625 0.5505100421875 0.556457303125 0.5477306453125 0.5638946 0.5379004984375 0.56595641875 0.5302279953125 0.55931406875 0.5231389625 0.5342485546875 0.4720539890625 0.5337285484375001 0.4711885546875 0.5266853703125001 0.468042553125 0.5134983796875 0.46988988125000003 0.5002963671875 0.47567790312499997 0.49089642031249997 0.48382793125 0.48797651093749994 0.49165860781250004 0.498575796875 0.552128284375 0.5019435671875 0.560112609375 0.516570240625 0.563833871875 0.5325584328125 0.5603034140625 0.5419867125 0.5568007484375
28 0.44308199375 0.5974996578125 0.43824901875 0.598973903125 0.435709303125 0.598712796875 0.43451608124999996 0.595140665625 0.434027678125 0.598293521875 0.43327779375000003 0.603390615625 0.4358370546875 0.6068568 0.435067628125 0.6087488171875 0.4374345296875 0.6126880031249999 0.44002835156250003 0.6154185703125 0.44388000312500003 0.613104265625 0.44689310000000004 0.6141532093750001 0.4529193 0.616251096875 0.458822265625 0.6173507546875 0.46269345624999997 0.6182415265625 0.4680539171875 0.62002458125 0.47348350312500004 0.6203364015624999 0.47924955 0.6181942796875 0.480785840625 0.6172711828125 0.4782623734375 0.6163926921875 0.4799244546875 0.6136068906250001 0.4843186109375 0.6106091921875 0.487854675 0.6077696593749999 0.4888705640625 0.607874103125 0.4914253015625 0.6041945125 0.49264856718749994 0.59988525625 0.49019299531250005 0.5942122249999999 0.48792978124999997 0.5880661859375 0.4868382203125 0.584276590625 0.4864223234375 0.5835844234375 0.47878679843749994 0.58712620625 0.47612385156250003 0.585866871875 0.47339177499999996 0.5860787703125 0.4691899734375 0.5886034671875 0.46726640937499997 0.5933335046875 0.46420372656250003 0.596960871875 0.460578996875 0.5980665578125001 0.45760045937499993 0.5962819984375 0.4480036375 0.5977592578125 0.44308199375 0.5974996578125
3 0.439884946875 0.5922185343749999 0.44248245312499995 0.591068834375 0.4443674203125 0.58993623125 0.44287581718749996 0.5778535015624999 0.44082371093750006 0.574438225 0.437982384375 0.5747756390625 0.4371438328125 0.5781388859375001 0.439884946875 0.5922185343749999
3 0.43712915781249995 0.5535569031249999 0.43559934843750003 0.5716324796875 0.4385664828125 0.571547409375 0.44090081562499994 0.5701448015625 0.441832921875 0.5693166671875 0.442594171875 0.5531147171875 0.4416592453125 0.5515587375 0.43892904843749997 0.551278046875 0.4383600546875 0.5516199328125 0.43712915781249995 0.5535569031249999
3 0.4627034109375 0.5380420109374999 0.4454727734375 0.5561209515625001 0.44890538593749996 0.5580437109374999 0.451578409375 0.556437596875 0.4646098203125 0.5412148078125 0.4627034109375 0.5380420109374999
3 0.43529806875 0.521738340625 0.443510025 0.5339426015625001 0.44776636718749996 0.5313851328125 0.439647890625 0.51787371875 0.43529806875 0.521738340625
3 0.475099546875 0.5295446187499999 0.4749116203125 0.5280223187499999 0.472975034375 0.5247992984375001 0.46387684531250006 0.525976203125 0.4632847546875 0.531335909375 0.47313870781249995 0.5307228109375 0.475099546875 0.5295446187499999
3 0.450229115625 0.5062081234375 0.4501841609375 0.4868689171875 0.45015776093750004 0.48682497812500003 0.443881321875 0.49059624375000005 0.4450835859375 0.5084599234375 0.4471001046875 0.5080882234375 0.450229115625 0.5062081234375
3 0.46328607968749996 0.5147416828125 0.47148027812500004 0.517136378125 0.4732870546875 0.5160507562500001 0.4726514359375 0.5121257140625 0.47206562500000004 0.5111507625 0.46609546562500004 0.510078075 0.46321112812500004 0.5146169421875 0.46328607968749996 0.5147416828125
3 0.47122501093749997 0.5067179890625 0.4606613484375 0.5178289 0.4624207453125 0.5207570296874999 0.46322859375 0.520271625 0.4731185328125 0.509869340625 0.47122501093749997 0.5067179890625
3 0.46808401875000005 0.5014905015625 0.45158932968750004 0.5155595500000001 0.4535380796875 0.518802815625 0.45613794687500003 0.51724065625 0.47029312812499996 0.5051670765625 0.46808401875000005 0.5014905015625
3 0.452624740625 0.529913496875 0.4549963703125 0.5288637734375 0.4566070578125 0.5278959750000001 0.45016116562499997 0.5171682078125001 0.4444495203125 0.5083762562499999 0.44056330624999995 0.511426178125 0.452624740625 0.529913496875
3 0.4517620375 0.5865751453125 0.4434334625 0.5979854546875 0.44733778593749995 0.5972657796874999 0.451096065625 0.5950075765625 0.45359976562500004 0.5896336375 0.4517620375 0.5865751453125
3 0.4584984828125 0.59602835 0.46150836249999994 0.5876269734374999 0.46010065468750005 0.585284153125 0.456473521875 0.588130746875 0.45122579218750003 0.5984323890625001 0.45594530625 0.597562453125 0.4584984828125 0.59602835
3 0.4805337609375 0.577319625 0.48050571875000003 0.57677129375 0.4793432609375 0.5748366390624999 0.4699467640625 0.57919525625 0.47184028749999996 0.5823466078124999 0.474238065625 0.581102459375 0.4805337609375 0.577319625
3 0.2721844265625 0.755818390625 0.27470459062499997 0.7629716671875 0.279092240625 0.7603353015625001 0.275728609375 0.754737278125 0.2721844265625 0.755818390625
3 0.343786871875 0.09439739375 0.338562590625 0.08570273125 0.335145959375 0.08838412031250001 0.339179465625 0.0966832796875 0.34104694687500003 0.09604370625 0.343786871875 0.09439739375