26 0.29225352656250003 0.2900882609375 0.29099155625 0.291784890625 0.2928252375 0.29590340625 0.41099975000000005 0.26938713281250004 0.4152599875 0.267490353125 0.420714884375 0.2610488875 0.29225352656250003 0.2900882609375
26 0.43311689062500003 0.1192849515625 0.43295243125000005 0.1189155703125 0.4301388859375 0.11614229375 0.3162354078125 0.16211898125 0.3172144328125 0.166287934375 0.3175588609375 0.1670615328125 0.3566468765625 0.1512312484375 0.36367156562499997 0.1441566484375 0.37548404375 0.1431075359375 0.43311689062500003 0.1192849515625
26 0.492905215625 0.17818865625 0.49714825625000003 0.1762995328125 0.42145459531249996 0.0954057875 0.3931205078125 0.0624988015625 0.388526646875 0.0652322484375 0.3897294078125 0.06793369375 0.4155995671875 0.099591415625 0.4451033171875 0.1296094296875 0.49082605625 0.17871965781250002 0.492905215625 0.17818865625
26 0.31393368593750004 0.6727022265625 0.322533596875 0.68571385625 0.349587628125 0.70550780625 0.35468469062499997 0.7032384484375 0.354858821875 0.7007927171875 0.32819411249999997 0.682667365625 0.25255638125 0.5718830406250001 0.25099252656250004 0.5691585765625 0.24639558906249998 0.5719343640625 0.247443084375 0.5742870796874999 0.2626285734375 0.5968695890625 0.2793395296875 0.6217948390625 0.305822125 0.659999434375 0.31393368593750004 0.6727022265625
26 0.5552845843750001 0.40904429374999995 0.5560457140625 0.41075381718750004 0.561121115625 0.4129242046875 0.5621189249999999 0.4124799515625 0.582388996875 0.3165552203125 0.583750071875 0.30779208593749996 0.5651009140625 0.27603311875 0.56266643125 0.2771170203125 0.557274709375 0.2806358875 0.5749649484375 0.3101246734375 0.5740927390625 0.3199858203125 0.5552845843750001 0.40904429374999995
26 0.7259622609374999 0.0975149578125 0.7226415875 0.0955726796875 0.7177622265625 0.0987976453125 0.7121265125 0.13972434843749998 0.7084312781250001 0.1621571359375 0.7041592234375 0.1982665609375 0.7010449453125001 0.21333608124999998 0.7048585328125 0.2225417984375 0.705426828125 0.22381821093749998 0.705920934375 0.22359822187499998 0.708656275 0.2075790953125 0.7143944125 0.173974534375 0.7197383562499999 0.134756534375 0.7259622609374999 0.0975149578125
26 0.6309413703125 0.726674965625 0.6932214921875001 0.715260359375 0.72704566875 0.708489578125 0.7289488859375 0.7076422109375 0.7308016703125 0.704317528125 0.7298234203125 0.7013323359375 0.7261126875 0.7000899875 0.620666559375 0.721645225 0.6136841046875 0.7247540140625001 0.6123482546875 0.725447446875 0.6126373734375 0.72609681875 0.6194232453125 0.7299612296875 0.6309413703125 0.726674965625
26 0.5859518046875001 0.5951405875 0.58836341875 0.5940668671875 0.5924546609375 0.5738917531250001 0.6087953140625 0.4805716984375 0.604064346875 0.47932310468750006 0.5990219640625 0.48156811875 0.5863942703125 0.5626439265625 0.5809895468749999 0.5935498031249999 0.58180881875 0.595389915625 0.5859518046875001 0.5951405875
26 0.683488034375 0.2010889765625 0.6848929015625 0.20046348906250003 0.663057228125 0.14519132968749998 0.660143253125 0.1464887140625 0.6573618812500001 0.1481217609375 0.666389965625 0.17071395 0.6801905546875 0.2017105796875 0.683488034375 0.2010889765625
26 0.760710046875 0.363352559375 0.7639378375 0.3706022953125 0.82445981875 0.3846174578125 0.8306673218749999 0.3818537 0.8305982015625 0.37951626875 0.760710046875 0.363352559375
26 0.9652009109374999 0.43878685781250004 0.9587561453125 0.43691984531249994 0.93280168125 0.45979026718749993 0.9004081359375 0.48947455937499995 0.88982649375 0.50353231875 0.8899060171875 0.5037109296875 0.9049983109375 0.49190415468750004 0.9229519015625 0.4762798234375 0.9499792859375 0.45187917187500004 0.9652009109374999 0.43878685781250004
26 0.6244563265624999 0.47688813437500005 0.634794459375 0.460707421875 0.6341084953125 0.4568026890625 0.6292275828125 0.45766014374999997 0.6155729140624999 0.47821194843750003 0.570809434375 0.5053785093750001 0.5710128234375 0.5058353296875 0.5756116328124999 0.5056740234375 0.5897932953125 0.49935994062500005 0.6181145 0.48313243593750005 0.6244563265624999 0.47688813437500005
26 0.7669654515625 0.7403168515624999 0.7424676328125 0.6845195859375 0.7362215125 0.6878268046875 0.7611002640625 0.7429282015625 0.7669654515625 0.7403168515624999
26 0.6975171640625 0.5847411984375 0.6920599562499999 0.5856340375 0.6969666484375 0.5966546484374999 0.6982098421875 0.5989051515625 0.7039639671875 0.5990403703125 0.7047523328125 0.5986893671875 0.6975171640625 0.5847411984375
26 0.7844208625 0.787277015625 0.7855063390625 0.78679373125 0.8358528218749999 0.6791884890625 0.8291152515625001 0.6774518421875 0.7776372015625 0.7848372718750001 0.7844208625 0.787277015625
26 0.7268297625 0.770158996875 0.7242131359374999 0.7997424359374999 0.7281933625 0.8003385281250001 0.7319401812499999 0.7986703359375 0.73783990625 0.7365753875000001 0.737154978125 0.7342490015625 0.730223928125 0.735229834375 0.7268297625 0.770158996875
26 0.9600318281250001 0.4553214234375 0.9580723640625 0.4549858109375 0.9594386046875 0.45411438750000005 0.9606766906249999 0.45406550156250003 0.9608048468750001 0.45324296249999996 0.9621710890624999 0.4523715390625 0.96196641875 0.4515536578125 0.962946184375 0.4511470234375 0.9626112828125001 0.450297734375 0.9637212796875 0.449922509375 0.9632561453124999 0.4490418140625 0.9644963750000001 0.44869799375 0.963901009375 0.44778589062499996 0.9652714703124999 0.44747347812499993 0.9645458734375 0.44652996875 0.9660465671875 0.4462489625 0.991624721875 0.4058399546875 0.9851815046875 0.40634045625 0.9838917781250001 0.40885230000000006 0.98363035625 0.40882288750000007 0.9832469140625 0.41010822343750003 0.9828547828125 0.410064103125 0.98260205 0.4113641453125 0.982079209375 0.41130531875000004 0.9819571874999999 0.4126200671875 0.9813036343749999 0.412546534375 0.9813123234375001 0.41387599062499997 0.980528059375 0.4137877484375 0.980667459375 0.41513191093749996 0.9797524875000001 0.4150289640625 0.980022596875 0.41638783437500004 0.9789769125 0.41627018125 0.979377734375 0.4176437578125 0.9782013375 0.4175113953125 0.9787328703125 0.418899678125 0.9774257640625 0.41875261249999995 0.9780880062499999 0.4201556015625 0.9766501906249999 0.41999382656249995 0.9533829687500001 0.4572302921875 0.9539736375000001 0.45760008281250003 0.9526073937499999 0.45847150625 0.9369633187499999 0.4826321421875 0.9372062515625 0.483177775 0.9414848593749999 0.48644777968749997 0.9417038828125 0.4863502640625 0.9568075109375 0.461601034375 0.9600318281250001 0.4553214234375
26 0.8889243484374999 0.4147263859375 0.85574293125 0.433972978125 0.8555499687499999 0.4374796296875 0.8609187140625 0.4361418453125 0.893612296875 0.41737558437500005 0.8889243484374999 0.4147263859375
26 0.915054303125 0.4828220984375 0.9251072078125 0.47834625624999993 0.9922027328125 0.44057939375000005 0.9897594359375 0.43666767812499996 0.927397040625 0.4715378171875 0.915054303125 0.4828220984375
26 0.8891420734375 0.494311978125 0.890186153125 0.49665702031250003 0.8912854546875 0.4981410796875 0.8965553921874999 0.49500535 0.9025056078125001 0.48709346875000004 0.8891420734375 0.494311978125
26 0.617990940625 0.5460435218749999 0.61822315 0.546565075 0.6187282359374999 0.546340196875 0.62065574375 0.515484771875 0.614897971875 0.5191008296875 0.6135399968749999 0.5325989921875001 0.617990940625 0.5460435218749999
26 0.6954147749999999 0.19748921875 0.7006554406250001 0.195155925 0.6985731609375 0.17522966874999998 0.693596025 0.1782350328125 0.694771103125 0.19604350625 0.6954147749999999 0.19748921875
26 0.618808896875 0.3787538875 0.6374525828125 0.373347653125 0.6455412671875 0.3697463390625 0.6454404390625 0.369519875 0.64340435 0.3678032859375 0.5900309781249999 0.3910471671875 0.590658740625 0.392457146875 0.59236635625 0.39388182031249996 0.6025971234374999 0.38932678906249996 0.6107087 0.383412859375 0.618808896875 0.3787538875
26 0.941585390625 0.60441849375 0.9474075046875001 0.601826321875 0.9463572921875001 0.5861769671875 0.9387433796875 0.587988096875 0.9408276484375 0.602716578125 0.941585390625 0.60441849375
23 0.6739507515625001 0.1729698015625 0.678236240625 0.157378825 0.674415853125 0.137765940625 0.66386564375 0.12825397656249998 0.6562455296875 0.12059505156250001 0.65019185625 0.11960645 0.6364228796875 0.114685175 0.63153886875 0.110807603125 0.623241578125 0.112659859375 0.633024584375 0.14330096718750002 0.638793721875 0.1570466734375 0.6416312125 0.16657182343750002 0.64901916875 0.18932178125000002 0.650196515625 0.191966146875 0.65248404375 0.190947675 0.6673161234375 0.1793444671875 0.6555807515625001 0.1490463390625 0.6618263546875001 0.1449499484375 0.6739507515625001 0.1729698015625
23 0.7507069125 0.379694678125 0.75568663125 0.3806351703125 0.7612483375 0.375790734375 0.76183084375 0.370794978125 0.7577238515625 0.36078251250000004 0.7571361796875 0.35788655625 0.752839325 0.35611576718750004 0.750400159375 0.3585174203125 0.7471715750000001 0.3481138625 0.738769278125 0.3386981203125 0.7292950921875 0.3323909515625 0.715526115625 0.327469678125 0.6993184921875 0.3257392296875 0.6999066828125 0.32942435625 0.6958074390625 0.3312494578125 0.6963951125000001 0.3341454140625 0.6940537203125 0.33676667031249996 0.693372925 0.3407536515625 0.6932792859375 0.34684741875 0.6937702171875 0.3511021140625 0.6889901796875 0.356914196875 0.6845986515625 0.3596588328125 0.6903621046875 0.3647236546875 0.6950526375 0.3713187078125 0.699062371875 0.38190074531249996 0.70229250625 0.3946718171875 0.7060089234375 0.40459504687500003 0.7082577062500001 0.40964589843750004 0.708383153125 0.4148527234375 0.709360884375 0.41704874375 0.7200425625 0.41229295468749994 0.726315271875 0.40371122187499997 0.7346063625 0.3923889125 0.7470044453125 0.39107906875 0.7507069125 0.379694678125
8 0.704032778125 0.3033789984375 0.7135018 0.30179445625 0.715157228125 0.29526846875 0.714272103125 0.2854003375 0.7187588218750001 0.2789294484375 0.724322596875 0.277241696875 0.726927125 0.27888884687500004 0.7292699828125 0.2785035734375 0.7282293921874999 0.2797124203125 0.7351158812499999 0.28523109375 0.740977628125 0.323261340625 0.74246811875 0.3228128328125 0.742284584375 0.32415174062499996 0.7411667171875 0.3244881234375 0.741355803125 0.3257149046875 0.7421010515625001 0.32549065 0.741917515625 0.3268295609375 0.7415448921875 0.3269416875 0.7416201203125 0.3274297625 0.743132409375 0.32675644843749996 0.7543198624999999 0.3154602625 0.7502102859375 0.301501940625 0.7422263328125001 0.284883040625 0.7410713624999999 0.28535889375 0.7409240890625 0.28409234843750003 0.7416940703125 0.2837751140625 0.7411618078125 0.28266718750000003 0.7407768171875 0.28282580468749996 0.7406295421875 0.2815592609375 0.7349267953124999 0.28400431249999997 0.733603171875 0.2754168375 0.73239175 0.2748770359375 0.7334140859375 0.27419005625000004 0.733224996875 0.2729632734375 0.7344729296875 0.2724593453125 0.7330359078125 0.27173649218749996 0.7336910015625 0.2710971125 0.7328468203125 0.2705097078125 0.732909075 0.2697348796875 0.73265773125 0.26928292656249997 0.7333638 0.26839217656250003 0.732468640625 0.2680561453125 0.7322795531249999 0.2668293625 0.7338185234375 0.267049475 0.73427325 0.2657067703125 0.733021959375 0.26321153124999996 0.7317122890625 0.263149015625 0.7323963140624999 0.261963909375 0.7315232 0.261922234375 0.7317706671875001 0.2607162890625 0.7313341125 0.2606954515625 0.7312588828125001 0.26020737656250004 0.7293116687500001 0.2610743328125 0.7195337734375 0.2696378703125 0.688650459375 0.293701328125 0.696192171875 0.310640290625 0.6989573546875001 0.3053755890625 0.704032778125 0.3033789984375
23 0.6589375171875 0.215440309375 0.6608482703125 0.21458958749999998 0.6731664671875001 0.20528973437500003 0.6536355890625 0.19767115 0.6578409625 0.21297740781250002 0.6589375171875 0.215440309375
23 0.5649474703124999 0.2755093859375 0.5711051171875 0.28618764375 0.563570378125 0.259808215625 0.5535907921875001 0.227149559375 0.5480311515625 0.23515067968749997 0.5454957640625 0.23970024531249998 0.5468676890624999 0.2475097015625 0.5492132125 0.251201815625 0.5478516203125 0.25917578125 0.54687750625 0.2625039546875 0.5492276796875 0.2732986046875 0.5494309765625001 0.285575378125 0.5577396343750001 0.3010848875 0.5598916796875 0.3074944796875 0.558624759375 0.3109530203125 0.5610409828125 0.3182514703125 0.5644434953124999 0.3258936359375 0.573470790625 0.3206574296875 0.575221409375 0.3104051921875 0.5571405953124999 0.2808271671875 0.5649474703124999 0.2755093859375
28 0.970668346875 0.8118773109375 0.97136210625 0.8134355203125001 0.9769424828125001 0.8161556031250001 0.98649396875 0.8119030078125 0.97433595625 0.8031726671874999 0.970668346875 0.8118773109375
23 0.6276075203125 0.4716039140625 0.6305412703125 0.47437629687499994 0.65140531875 0.46508702343749997 0.66528030625 0.4529889734375 0.687133975 0.4295761390625 0.6668322765625 0.437562503125 0.651899321875 0.4442110828125 0.6404794875 0.44850612031250003 0.63071818125 0.451010196875 0.6173423640625 0.45012401718749995 0.616566378125 0.457837253125 0.6188738734375 0.46735402812500004 0.6198257359375 0.469491946875 0.6289644609375 0.456527409375 0.634528753125 0.45562882968749996 0.6356052921875001 0.459622796875 0.6276075203125 0.4716039140625
23 0.7392583875 0.33532275 0.741575809375 0.3288967265625 0.742837046875 0.316757303125 0.7416549828125001 0.3007061671875 0.738714553125 0.283069703125 0.7391951546875 0.271540975 0.7375324921875 0.26701856562500004 0.734895715625 0.26582433125 0.733239253125 0.270771975 0.7345097890625001 0.27283763437499997 0.727876190625 0.2807906421875 0.724163909375 0.2771807828125 0.7188934546875 0.279527340625 0.7136261 0.286608925 0.7156824375 0.2959556 0.713636434375 0.302392346875 0.7041674125 0.3039768890625 0.6998731406250001 0.3061519546875 0.695776996875 0.31271208281249996 0.6968683296875 0.31600051875 0.700986103125 0.3252491875 0.71599590625 0.3273920796875 0.7307410640625001 0.3321418640625 0.73758714375 0.3360668359375 0.7392583875 0.33532275
23 0.9519982859375 0.5719559828125 0.9602530937499999 0.570451559375 0.964324884375 0.56863868125 0.9653689359375001 0.5649504515625 0.9504266796874999 0.55739395 0.9360808828125 0.5661493156249999 0.9313991343750001 0.572970171875 0.9208915281250001 0.5771470796875 0.9222511062500001 0.580200740625 0.922519853125 0.5806073546875 0.9291560328124999 0.5766002015625 0.9464355453125 0.5752220765625 0.9519982859375 0.5719559828125
3 0.28833868125 0.480366571875 0.2849671421875 0.49722230625 0.2872547484375 0.502360353125 0.29089648281249997 0.5007389484375 0.2918662671875 0.5001098203125001 0.29634316875 0.4786446796875 0.29234015 0.47832186875 0.28833868125 0.480366571875
17 0.326618028125 0.6892238093749999 0.3185173171875 0.6930936109375 0.3133451515625 0.6964489421875 0.31360823125000004 0.6998471171875 0.31386585624999996 0.700425753125 0.318682534375 0.70387431875 0.33206656093750003 0.697915365625 0.3334559546875 0.6951259140625 0.326618028125 0.6892238093749999
28 0.2257999953125 0.6094512890625 0.23213510624999997 0.5929477640624999 0.240617609375 0.5757512890625 0.24949637343750003 0.5673249359375 0.25710873749999996 0.5631462921875 0.2712605390625 0.5563192359375 0.23738334375 0.556666846875 0.22840267343749998 0.5585602296875 0.2192285234375 0.563171090625 0.2088914265625 0.58093015 0.1991414875 0.6007959921875 0.1961249828125 0.6160851125 0.19417897343749999 0.62368221875 0.1962356921875 0.628301684375 0.197696071875 0.629857975 0.2199442953125 0.629819940625 0.22094217968750002 0.6293756546875 0.2257999953125 0.6094512890625