8 0.23913274062499998 0.7041615515624999 0.2683421359375 0.673811346875 0.267028103125 0.668907309375 0.266782859375 0.6684655359375 0.25784010468749996 0.6552141828125 0.2590445765625 0.6502394703125 0.25466830156250003 0.6433768578125 0.2434213171875 0.6286283874999999 0.209264571875 0.6656925171875 0.23743265 0.7046170890625 0.23913274062499998 0.7041615515624999
26 0.22690362031250003 0.6899141281250001 0.2233949171875 0.6933917234375 0.2126355953125 0.6958517671875 0.2132067234375 0.7003507109375 0.22495957031249997 0.6980473593750001 0.22864167812499997 0.6946842390625 0.227669990625 0.6910578515625 0.22690362031250003 0.6899141281250001
3 0.2546024484375 0.633424471875 0.252087271875 0.6370587609375 0.25346171875 0.64218826875 0.25959234375 0.6473120828125001 0.2587263 0.6547335578125 0.2680074796875 0.6704316718750001 0.2768874984375 0.676251384375 0.2846134734375 0.674181215625 0.2862926109375 0.673567415625 0.29362719843749996 0.6677959578125 0.2955924953125 0.660925753125 0.2934567140625 0.6517711734375 0.2910462453125 0.64395891875 0.2939625765625 0.6347193515625 0.29438601875 0.6261195625 0.29356839375 0.6230681453125 0.292312425 0.6190910453125 0.28901517499999996 0.6233577968749999 0.27998845 0.6168954546875 0.274661653125 0.618322765625 0.26882696093749997 0.6131196546875 0.26495909218749997 0.6188080234375 0.26544625 0.630095978125 0.2546024484375 0.633424471875
3 0.6937694796875 0.8616456046875 0.6792267703125 0.8689255671874999 0.6641341796875 0.8729696140625001 0.6655682578125 0.8794523046875 0.6980188515625 0.8707571953125001 0.697608596875 0.8692261 0.6937694796875 0.8616456046875
3 0.701573940625 0.8043597625000001 0.6954863203125 0.8076825640624999 0.69151323125 0.818896915625 0.6966370937499999 0.8242164843750001 0.698722603125 0.8236576734375 0.7073241546875 0.8104313234375 0.701573940625 0.8043597625000001
3 0.6244467953124999 0.74391236875 0.6391507109375001 0.744180390625 0.639792346875 0.744008465625 0.6383300140625 0.7385509640625 0.624657740625 0.7387809640625 0.6244467953124999 0.74391236875
23 0.70212113125 0.727032628125 0.7076655281249999 0.7290571390625 0.708756146875 0.7287649078125 0.7073243671875 0.7062636484375 0.7073025984375 0.7061824046875 0.7029436625 0.7052439781250001 0.70212113125 0.727032628125
28 0.6371603375 0.817934759375 0.6369074078125 0.8264606703125 0.639761521875 0.8311937031250001 0.6411784625 0.8388492671875 0.6522124687499999 0.8350469015625 0.660836515625 0.8293528374999999 0.6690194609375 0.856340803125 0.6969614234375 0.8580995796875 0.7037453265625 0.8562818375000001 0.7084889828125001 0.8494618890625001 0.7077656343750001 0.84676231875 0.6820582078124999 0.8126709234374999 0.6766256828125 0.8137036562500001 0.6727148109375001 0.8109454093749999 0.6548515703125 0.797546853125 0.64840478125 0.8030804265624999 0.6537118578125 0.8181517703125 0.6439880484375 0.8173740015625001 0.6371603375 0.817934759375
3 0.9638641859374999 0.705570090625 0.9691075203124999 0.7168523515625 0.9734412984375 0.721188909375 0.9801584218749999 0.72234615625 0.9773863734375 0.7120007328125 0.96993005 0.6950637000000001 0.9638641859374999 0.705570090625
3 0.606284821875 0.6672529703125 0.6025746937500001 0.6534065874999999 0.6002073609374999 0.6535087546875 0.6026351109375 0.6682309078124999 0.606284821875 0.6672529703125
3 0.2988120109375 0.7945104875 0.312248165625 0.8010389015625 0.3140481515625 0.800556596875 0.314885125 0.7992158546875 0.314330765625 0.7971469531250001 0.3015806265625 0.7882708484375 0.2988120109375 0.7945104875