26 0.47256241250000003 0.872258640625 0.47942491406250004 0.8718989921875 0.48381290468750004 0.8653615546875001 0.17467629843750002 0.8008857468749999 0.169233828125 0.8089941953125 0.47256241250000003 0.872258640625
1 0.5079837359375 0.964574315625 0.4987651546875 0.9503888999999999 0.48728858906249994 0.9497190874999999 0.479749021875 0.9501142203124999 0.46653878281249994 0.957456278125 0.5069887140625 0.9737209578125 0.508459053125 0.9736439000000001 0.5079837359375 0.964574315625
28 0.3312681796875 0.7544920140625 0.35396590156249996 0.7388295171875 0.348792578125 0.6525562515625001 0.32729781875 0.6404810578125 0.288220953125 0.66859708125 0.2882509703125 0.6691698328125 0.31168593906250003 0.6784595437500001 0.32688065 0.6698400015625 0.3293930890625 0.7545902828125 0.3312681796875 0.7544920140625
3 0.3091952265625 0.6806925671874999 0.3093626765625 0.683887709375 0.3226764421875 0.7205201125 0.322692890625 0.7205192515625 0.321873140625 0.680028146875 0.3091952265625 0.6806925671874999
17 0.43871009687500007 0.578217203125 0.408289140625 0.5450959531249999 0.39461044843750004 0.545323871875 0.39166635781250003 0.55134558125 0.43558904375 0.58317249375 0.45199992968749997 0.5823124359375 0.4558808109375 0.5699830546875 0.4443427328125 0.5612976640625 0.44963486562500005 0.5751999031249999 0.43871009687500007 0.578217203125
19 0.5270473359375 0.4015745625 0.5208750640625001 0.3833178875 0.5143735687500001 0.38365861562500003 0.5059584640625 0.37236480156249996 0.47930233749999995 0.3737617890625 0.466315071875 0.39464674375 0.46690823750000005 0.40596499062499997 0.46852020625 0.41715899375000004 0.4722307875 0.41696453125 0.5145809953125 0.412495875 0.5270473359375 0.4015745625
20 0.6393366140625 0.5271198515625 0.6746855296875001 0.49563684218750004 0.7136374078125 0.442744521875 0.6972927359375001 0.42942152031249997 0.7113915875 0.4247710203125 0.71043478125 0.4189537484375 0.6738106921875 0.4291853078125 0.654999175 0.4683093828125 0.6458745171875 0.493235153125 0.6191928359375 0.4941445296875 0.612895778125 0.49838615468749997 0.56796620625 0.4832440390625 0.5681408546875 0.48657651875 0.5827107921875 0.5195261359375001 0.61823901875 0.51326361875 0.6365041 0.527268296875 0.6393366140625 0.5271198515625
28 0.8506923562500001 0.531689609375 0.863754065625 0.5281202609375 0.87813401875 0.52883349375 0.889336896875 0.506243565625 0.8763196375 0.49421303749999995 0.8512960203125 0.5018808359375 0.8163531390625 0.5056288046875 0.816382325 0.5061856921875 0.8352098828125 0.51837031875 0.8324191203125 0.5273177 0.8413028578124999 0.5321816921875 0.8506923562500001 0.531689609375
3 0.8106686062499999 0.380989871875 0.76620620625 0.4145688578125 0.76621120625 0.41466428281249995 0.7777543875 0.42285773750000005 0.7791301625 0.4227856359375 0.8244637906250001 0.3954243875 0.8106686062499999 0.380989871875
17 0.676250078125 0.2008149796875 0.6896476687499999 0.195223328125 0.6926428687499999 0.19017684375 0.6994367484375 0.18297547187500002 0.679932265625 0.18399765937499998 0.670242415625 0.1732596015625 0.6598144703125 0.17331715625 0.63849859375 0.164655246875 0.6296009406249999 0.1690331640625 0.62556418125 0.17908486875000001 0.6256619890625 0.18095114375000002 0.6391517343750001 0.1895575359375 0.6559789546875 0.1872088046875 0.6623925015625 0.1976296140625 0.676250078125 0.2008149796875
28 0.3117105515625 0.52218940625 0.3246368765625 0.5200451109374999 0.321244084375 0.505065428125 0.31084169375 0.5056105953125 0.3029121265625 0.503581409375 0.30207181250000004 0.5124265718750001 0.2852445890625 0.514775303125 0.26942016406249997 0.518842990625 0.2698233375 0.52653600625 0.2702974296875 0.5292492890625 0.2814090734375 0.5286669515625 0.29243606093749996 0.5276001015625 0.3117105515625 0.52218940625
3 0.34382096562500003 0.9196864453125 0.346798509375 0.9055952843749999 0.3184590625 0.902239875 0.31511829375 0.90241495625 0.31190765468750004 0.9115799250000001 0.31208909375 0.91504196875 0.34037517500000003 0.9198670312499999 0.34382096562500003 0.9196864453125
28 0.46501149531249997 0.7442068500000001 0.39924119375 0.7207614015625 0.3959759875 0.72438778125 0.3960190046875 0.7252085921875 0.405030146875 0.7317038953125 0.45749570625 0.7510059984375 0.46162009218750005 0.7507898484375 0.46501149531249997 0.7442068500000001
28 0.8378418078125 0.1095668546875 0.8385800546875 0.12365342500000001 0.8450489109375001 0.1251778546875 0.8500212546875 0.12491726562500001 0.8517632718750001 0.11397125 0.8378418078125 0.1095668546875