0 0.3672547234375 0.6660480859375 0.41248695937499996 0.6885116359375 0.413771665625 0.6813408515625 0.41969111562499994 0.679270246875 0.42092519375000004 0.67763256875 0.4289945234375 0.6593174671875001 0.421933084375 0.6477356140625 0.38025640625 0.6219645953125 0.368039003125 0.6199579 0.3582730203125 0.6320068078125 0.34997103749999997 0.644845884375 0.3609108609375 0.6612676421875 0.3672547234375 0.6660480859375
3 0.36687484062500003 0.5542434921875 0.36721814531249997 0.5518805328124999 0.34592754062500003 0.534584775 0.3447881234375 0.5375999578124999 0.36687484062500003 0.5542434921875
3 0.4656101625 0.7127346296875 0.4873171671875 0.7219393921874999 0.4874521265625 0.7217602953125 0.4872539140625 0.7158969421875 0.4635019984375 0.7055114031249999 0.4656101625 0.7127346296875
3 0.2722398015625 0.702054615625 0.2987886375 0.72028286875 0.30209060625 0.7159010078125 0.2733509703125 0.6966703921875 0.2716660375 0.701622253125 0.2722398015625 0.702054615625
23 0.4194909296875 0.516651440625 0.4222488828125 0.523581734375 0.42569694062499996 0.52618003125 0.4290560296875 0.5285547703125 0.428712771875 0.52172239375 0.4194909296875 0.516651440625
1 0.42504020625 0.3943663 0.4208089109375 0.38902680156249997 0.41555473125000003 0.3850674921875 0.4086320453125 0.38423335000000003 0.411205084375 0.38992868125 0.4118464859375 0.3905294 0.42033800781249997 0.3969282203125 0.42265805468749995 0.39752752343750003 0.42504020625 0.3943663
3 0.5696180390625 0.2570351984375 0.57141195 0.25724331718750004 0.57165016875 0.2569271890625 0.5640204890625 0.2487868296875 0.566725878125 0.2548557984375 0.5696180390625 0.2570351984375
3 0.1780627546875 0.762404846875 0.1824042765625 0.7693545671875001 0.184384171875 0.770846525 0.193057078125 0.7593371890625 0.186283659375 0.7551392859375 0.1780627546875 0.762404846875
3 0.15392320625 0.4015987734375 0.16519281875 0.409463715625 0.16840493125 0.4052010984375 0.1467766328125 0.3920657453125 0.14439635625 0.3944197765625 0.15392320625 0.4015987734375
28 0.436312446875 0.3119034015625 0.4386196703125 0.30505549374999996 0.429862228125 0.2984562890625 0.427115228125 0.30616858593749996 0.435737715625 0.3126660953125 0.436312446875 0.3119034015625
3 0.6980092250000001 0.48365484218750004 0.6993652609375001 0.48588969375 0.7020593203125001 0.4879198140625 0.7115564187500001 0.489271671875 0.7120325921874999 0.48863976875 0.711115840625 0.48539250312500004 0.6980092250000001 0.48365484218750004
28 0.6061605515624999 0.9567731593750001 0.60106393125 0.9635366031249999 0.6157975296875 0.9746391671874999 0.6166348078125 0.9735280609375 0.6201987265625 0.9654734796875 0.6061605515624999 0.9567731593750001