6 0.11187007812500001 0.3820539046875 0.1140135125 0.38326001875000004 0.1141836078125 0.38331485781249997 0.1205952140625 0.3811071640625 0.1252017703125 0.3781114875 0.1302101671875 0.375090853125 0.13116881875 0.3742990265625 0.1309202875 0.37357724062500003 0.12824074375 0.3718806703125 0.12434011250000002 0.369335453125 0.1215112 0.3673932921875 0.117324071875 0.3652707515625 0.11616534999999999 0.36566973125 0.11685082499999999 0.36640578281249997 0.1156050984375 0.3678067984375 0.1123538953125 0.37216653437499997 0.1066982390625 0.378326271875 0.11187007812500001 0.3820539046875
6 0.6880026625 0.37924140781250004 0.689273871875 0.380423825 0.6936580203125 0.38208969375 0.701993109375 0.3792196921875 0.7102051656249999 0.3709484203125 0.7116503859375001 0.370126765625 0.7128426921875 0.36944889999999997 0.7118876328125 0.366675203125 0.71054045 0.36564855625 0.7083970125 0.36444244375 0.7040231375 0.363032259375 0.7002349890625 0.3620684421875 0.6975185625 0.3617076796875 0.6948148734374999 0.36263863281250003 0.6947278671875 0.36364066875 0.694354365625 0.36506538125 0.6879899234375 0.3779496890625 0.6880026625 0.37924140781250004
23 0.6806641812499999 0.9663110515625 0.735124196875 0.9475589640625 0.7417618 0.9381656203125001 0.7410078812500001 0.93597608125 0.736616034375 0.9318160640625001 0.7175861296875 0.9179549515625001 0.708014934375 0.9102336953125001 0.6843607031250001 0.8892161656249999 0.6768332 0.8824113406249999 0.6628054609375 0.89437005 0.6287823515625 0.9222864421875 0.6361231046875 0.9298036234374999 0.6536080453124999 0.944196709375 0.6806641812499999 0.9663110515625
20 0.6420043093750001 0.9597761234375 0.639400365625 0.960996759375 0.6343664890625 0.9614339578125 0.6191418093750001 0.9699164953125001 0.6148316265625 0.9749648953125 0.626627146875 0.983556584375 0.6770491046875 0.9661949125 0.6768945000000001 0.9657459078124999 0.6698540656249999 0.9641197984375 0.66789738125 0.9622013328125 0.669043365625 0.9605106343750001 0.66929164375 0.9562128062499999 0.6638205687500001 0.95161613125 0.660505671875 0.9495172828125 0.6543745984375 0.9467679906249999 0.6441965328125 0.9561050468750001 0.6420043093750001 0.9597761234375
3 0.7474080578125 0.7651636265625 0.7484204703125 0.7681038874999999 0.759553875 0.7642703484375 0.7583617640625 0.760808209375 0.7474080578125 0.7651636265625
3 0.746354975 0.7787302890625 0.745932928125 0.777504575 0.7328634593750001 0.778256178125 0.731916965625 0.7805262390625 0.7420870125000001 0.780199865625 0.746354975 0.7787302890625
3 0.745338403125 0.7853765515625 0.7328382890625 0.7850369890625 0.7324778000000001 0.785161115625 0.732141378125 0.78903565625 0.7420829296875 0.7884639328125 0.74594373125 0.787134553125 0.745338403125 0.7853765515625
3 0.7420203125 0.7901380265625 0.7412743015625 0.787971453125 0.73225003125 0.7887552234374999 0.732475 0.7919180203125 0.740122903125 0.7907913578125 0.7420203125 0.7901380265625
3 0.714918903125 0.7978172578125 0.713852409375 0.794719934375 0.7009276421874999 0.7933352890625 0.7003801281250001 0.7967640734375 0.714523975 0.7979532421875 0.714918903125 0.7978172578125
3 0.7133211484374999 0.730613584375 0.7143776015625 0.729054971875 0.713449971875 0.7263609390625 0.7045081109375 0.7226474765625001 0.7029886234375 0.725762884375 0.71328698125 0.7306253484375 0.7133211484374999 0.730613584375
3 0.7037839453125 0.6838908531250001 0.7014566109375 0.6824172875000001 0.690113675 0.6939861859375 0.6962476703125 0.69187408125 0.70417619375 0.6850300234375 0.7037839453125 0.6838908531250001
3 0.7859545031249999 0.6265901875 0.7832635531250001 0.628812859375 0.7869774328125 0.6320704312500001 0.7929611921874999 0.63543749375 0.7939267953125 0.6351050093749999 0.7954593015625 0.6333814671875 0.7951070765625 0.63235853125 0.7914128375 0.629895146875 0.7859545031249999 0.6265901875
3 0.738142896875 0.4328412140625 0.7400371875 0.44048402031249995 0.7435014468750001 0.43929117968750003 0.740766871875 0.43134939687499996 0.738142896875 0.4328412140625
3 0.7097206546875 0.69153370625 0.7050994640625 0.6892798015625 0.7016360328125 0.6917684609375 0.7068948765624999 0.6944940578125001 0.7101844703125 0.692880721875 0.7097206546875 0.69153370625