18 0.9120666640625 0.3053211890625 0.917116728125 0.309065053125 0.9190790062499999 0.3092367296875 0.932526303125 0.3038091375 0.9442518609375 0.310338390625 0.95270938125 0.3083266265625 0.95896021875 0.28851093125 0.955815259375 0.2728262671875 0.96247298125 0.2282808765625 0.9023103890625 0.0898350953125 0.89837339375 0.0889403125 0.8729762125 0.11533601874999999 0.8646446624999999 0.12451321875000002 0.8622526328125 0.1375121 0.8569239109375 0.14929783593749998 0.8565715 0.1533259015625 0.8652701625000001 0.186206003125 0.8836707921875 0.2340443953125 0.9017644546874999 0.2796545703125 0.9120666640625 0.3053211890625
1 0.93878523125 0.3072069515625 0.9437051375 0.30982276875000003 0.9487608234374999 0.310265084375 0.9525564046874999 0.309716609375 0.958950590625 0.28826243749999997 0.955287090625 0.2731928140625 0.9551369890625001 0.2731796828125 0.9485079234375 0.278543384375 0.9429636921875 0.2874141046875 0.9394639390625 0.29944928593750003 0.93878523125 0.3072069515625
28 0.942650721875 0.142908759375 0.9565010484375 0.14939001093749998 0.9585909828125001 0.14957285625 0.9591053125 0.1355429125 0.9501366687499999 0.12044942343750001 0.937711746875 0.1133086453125 0.9445287359375 0.0984955375 0.9360480546875 0.080693040625 0.9215930953125 0.0766766953125 0.9141712609375 0.086570965625 0.9133660609375 0.095774453125 0.9140622578125001 0.1139912828125 0.9204926328124999 0.1294130421875 0.935435553125 0.13072037812499998 0.942650721875 0.142908759375
28 0.6946938078125 0.5452659343749999 0.7116316765625 0.53713061875 0.7310270671875 0.5305723984374999 0.750344271875 0.5163025765625 0.7800780890625 0.47762846249999996 0.7876118187500001 0.45462296718750006 0.785825046875 0.42915101250000004 0.775822559375 0.4172691140625 0.761657190625 0.42428489843749995 0.7441890265625 0.44036750781249995 0.7211969015624999 0.4708260078125 0.6961313078125 0.47908950937499994 0.6778102984375 0.4934464828125 0.6761379015625 0.5125620625 0.6785936328125 0.530387784375 0.6842088093750001 0.540785165625 0.6899914218750001 0.544854528125 0.6946938078125 0.5452659343749999
28 0.7884973046875 0.49936051406250004 0.760868846875 0.4336542578125 0.7446551328125001 0.46444129375000004 0.7440053328125 0.4718685296875 0.746138759375 0.490151221875 0.766377221875 0.5358527343749999 0.76703626875 0.5359103937499999 0.7884973046875 0.49936051406250004
28 0.38759150781249996 0.52624030625 0.380599615625 0.509778809375 0.3758546640625 0.49230314374999995 0.387239959375 0.474037334375 0.37949918125000004 0.46785670625 0.3726814734375 0.467260234375 0.3721282390625 0.4735837359375 0.3715455421875 0.49853022343750003 0.3782828828125 0.5161801968749999 0.38724284062500003 0.5262098015625 0.38759150781249996 0.52624030625
4 0.3608326765625 0.2949028125 0.3697282375 0.2805054515625 0.37367536874999996 0.28415281875 0.37426035468749996 0.24017681406250002 0.3687407453125 0.22868711562500002 0.3585471265625 0.2189898515625 0.34929467812500004 0.22148240624999999 0.3420447546875 0.22690185624999998 0.3362432375 0.23835479999999998 0.3358919109375 0.24237047656250002 0.34225469531249997 0.270397071875 0.3506296765625 0.2865393015625 0.359447365625 0.2947816125 0.3608326765625 0.2949028125
28 0.2370198828125 0.4911084375 0.249732728125 0.4677580609375 0.244863534375 0.4572883609375 0.244468628125 0.45725381093750006 0.2336001703125 0.47933122656249993 0.23322836093750002 0.48358102968749994 0.2362217265625 0.49103860781249997 0.2370198828125 0.4911084375
28 0.26386909687500004 0.46051960156250005 0.2582980515625 0.45411604531250005 0.2575947578125 0.4560593234375 0.2572551578125 0.45994095625 0.26386909687500004 0.46051960156250005
28 0.623698503125 0.9186240250000001 0.626400809375 0.91504934375 0.6186112203125 0.8883780453125001 0.6178673156250001 0.8883129609375 0.614873084375 0.890123946875 0.614776721875 0.89122536875 0.62309415 0.9185711515625 0.623698503125 0.9186240250000001
28 0.742424490625 0.38273013749999996 0.7328497359374999 0.3842454703125 0.73237995625 0.3896150765625 0.7337584609375 0.395730453125 0.742528990625 0.4145626796875 0.74283460625 0.4145894171875 0.742424490625 0.38273013749999996
28 0.1990300328125 0.22763912187500002 0.19751547187500001 0.2220032171875 0.1889623859375 0.225107296875 0.1858101828125 0.2209791375 0.1838159828125 0.22369395 0.1837507421875 0.22443966718750002 0.18638646875 0.2287343125 0.18768415624999998 0.2295632875 0.19452358593750002 0.230161659375 0.1990300328125 0.22763912187500002