7 0.7449518078125 0.4101733125 0.7382902812500001 0.3963865140625 0.6938891328125 0.32923609374999996 0.6804182109375 0.3212146515625 0.6686384421875 0.3214840140625 0.661343775 0.3270904765625 0.656643115625 0.335867421875 0.656276559375 0.3470951 0.695817084375 0.41189747031249996 0.704236425 0.42392153437499996 0.7135810953124999 0.432139321875 0.7286716234374999 0.42953303906249996 0.7416224046875 0.42046480468749997 0.7449518078125 0.4101733125
7 0.6975245640625001 0.443712603125 0.7013052015625 0.43239453125000005 0.7008855359374999 0.42271473593750003 0.6436344375 0.33192465625 0.6432528234375 0.33137965468749997 0.6291561999999999 0.3288209375 0.6199537765625001 0.3327711296875 0.61249249375 0.3434810828125 0.6118916343749999 0.354374140625 0.6576615328125001 0.43368149218749996 0.6603724359375 0.43755306406249994 0.6718245406250001 0.44904765312499995 0.6840062703124999 0.451488928125 0.6913177625 0.44805865312500004 0.6975245640625001 0.443712603125
7 0.6693284515625 0.480622878125 0.6752750875 0.4749941171875 0.6765621984375 0.46561527343750003 0.6687124890625 0.45066571718750004 0.6595746296875 0.43761550156249995 0.61331466875 0.35979825781249997 0.6008819734374999 0.3575327109375 0.58523775 0.36350008906250003 0.5792822609375 0.373155675 0.57923331875 0.3821662296875 0.62355415 0.4585227640625 0.6296582125 0.46724026875 0.645492434375 0.48587450781249997 0.654243953125 0.488224228125 0.6652144046874999 0.48350356406249995 0.6693284515625 0.480622878125
7 0.6295282375 0.5256584296875 0.63723810625 0.5202599218749999 0.6537765828125 0.5054505859375 0.6493404234375 0.4911029328125 0.62529145 0.4615647390625 0.5858627578125 0.4148693265625 0.5718409609374999 0.4162098921875 0.5605641640625 0.42360730625 0.5565664171875 0.43338811406250005 0.5561166453124999 0.4412119578125 0.5649076875000001 0.45376686875 0.6032262546875 0.4989569828125 0.6122641468750001 0.5150692921875 0.6218029265625 0.5233506390625 0.6295282375 0.5256584296875
7 0.60999678125 0.5317046624999999 0.612812434375 0.526161309375 0.6109869406249999 0.5144737875 0.60315389375 0.49901388437499994 0.5374342000000001 0.423851478125 0.52665829375 0.42341793125000005 0.513407096875 0.431200471875 0.5090417515625 0.44472944999999997 0.509569325 0.44828715781249995 0.5220257578124999 0.46607678750000003 0.5756164 0.5312615890625 0.589271640625 0.5411487 0.59730015625 0.5405949328124999 0.60999678125 0.5317046624999999
7 0.5587587265625 0.5408774890625 0.5629683921875 0.535872784375 0.56378689375 0.5258247 0.5576606234375 0.5106657453125 0.5543970265625 0.5054707015625 0.4932967671875 0.43904211406250004 0.4812993546875 0.43846650781249996 0.4723312375 0.4427513203125 0.46667669843750004 0.4507001296875 0.47375580624999997 0.4592077109375 0.5247551859375 0.5380782046875 0.528246975 0.5430649953125 0.5388413187500001 0.5462838703124999 0.548345734375 0.548106409375 0.5488769578125 0.547796778125 0.5587587265625 0.5408774890625
7 0.530739740625 0.570033896875 0.5317335375 0.569169728125 0.5348950796875 0.56246785 0.5336225484375 0.55637733125 0.5286178109375 0.5444225312500001 0.46929735624999996 0.45615207968749993 0.4660475796875 0.45151091875000005 0.4534082796875 0.45196822656249996 0.44275004687499997 0.455441740625 0.4367445734375 0.466628371875 0.435223159375 0.47567259687499996 0.48196970468749994 0.5478017328125 0.49829790156250003 0.5711208125 0.5045271890625 0.576251440625 0.5127434515625 0.5799733171875 0.51951960625 0.57789031875 0.530739740625 0.570033896875
7 0.49863274999999996 0.6157727562499999 0.5134897109375001 0.6038737515625 0.5097231421874999 0.5915506578125 0.49574820312499995 0.56892165625 0.448602053125 0.495714390625 0.4334420578125 0.4943611546875 0.41947128749999996 0.5016501828125 0.414034390625 0.5104439609375 0.41495598749999996 0.5197723015625 0.4691764390625 0.6058068515625 0.47702089843750006 0.6170099 0.4885108140625 0.6253536234375 0.49555106562500006 0.6251926359375 0.49818707656249994 0.62334688125 0.49863274999999996 0.6157727562499999
4 0.4740295625 0.6647100625 0.481901975 0.665269196875 0.4852062109375 0.6629555453125 0.49122956406249996 0.6561572671875 0.48093684531249997 0.640923596875 0.4782418265625 0.6333357015625001 0.47318710625 0.6229119484375001 0.46900295625000005 0.6158680750000001 0.468633275 0.60465723125 0.454909303125 0.581852503125 0.4090690078125 0.513715053125 0.400851703125 0.5025136703124999 0.3945431921875 0.5004480625000001 0.3905444046875 0.5027493625 0.3815752453125 0.499554671875 0.37704119999999997 0.5032281265625 0.376573634375 0.510038390625 0.36870935 0.5105581984375 0.3683594515625 0.521275528125 0.3770797328125 0.5396049625 0.3998738765625 0.5700217984375 0.4210622578125 0.6045550953125 0.42460370156250005 0.6102537765625 0.43122792812500005 0.6197141515625 0.448139478125 0.631474203125 0.4558881765625 0.6420063453125 0.465912228125 0.650446584375 0.4740295625 0.6647100625
7 0.44034410625 0.688284403125 0.4448104625 0.6791728375 0.4441731546875 0.6686480718750001 0.44054091875 0.6597216953125 0.37074016875 0.5968918421875 0.36029853749999996 0.593730821875 0.35552914687500003 0.589590146875 0.34677866874999996 0.5947199328125 0.339083084375 0.6050952640625 0.33727738125 0.615335915625 0.33906850624999996 0.620564628125 0.341930503125 0.6256668578125 0.3473640171875 0.6334267203125 0.42076878124999995 0.70199119375 0.42882640937499994 0.700525646875 0.4320073953125 0.6982982984375 0.44034410625 0.688284403125
7 0.5818934953125 0.6276812046875 0.5869582265625 0.6241348437500001 0.5927342437500001 0.617615721875 0.59680295 0.61724149375 0.5975840812500001 0.6166945390625 0.5968496640625001 0.611741978125 0.6074568703125001 0.602320003125 0.60772345625 0.59415441875 0.5998570859375 0.5797152140625 0.58923009375 0.567209015625 0.580344240625 0.561462578125 0.5684978265625 0.5637733390624999 0.5513821734375 0.57725389375 0.4980274921875 0.6191013859375001 0.49744329374999996 0.6294840953125 0.4988031421875 0.63177335625 0.5183472984375 0.6596853031250001 0.5247558609375 0.6642173328125 0.52950755 0.661388846875 0.5726903109375 0.6306532703125 0.5818934953125 0.6276812046875
7 0.6786374109375 0.5523105453125 0.6790325593750001 0.5511611656250001 0.6929356421875 0.5384340265625001 0.6835801421875 0.5245388390625 0.6644182296875 0.503048384375 0.661356659375 0.5066881671875 0.6527727984375 0.5067144609375 0.6297516421875 0.5283195546874999 0.622791246875 0.531198546875 0.5907853125 0.557598803125 0.591832240625 0.565770778125 0.6111372312500001 0.5933411609375 0.614266746875 0.5970093578125 0.6305795187500001 0.5855870328125 0.6311316953125 0.58557440625 0.6786374109375 0.5523105453125
7 0.75858255625 0.49648819062499994 0.76152645625 0.4889413421875 0.7855691796875 0.47360249374999996 0.785802440625 0.4664576078125 0.778589 0.45455331250000003 0.76555231875 0.44074230312499996 0.74669344375 0.4325040859375 0.71816874375 0.4649443546875 0.680021959375 0.4916550203125 0.675538940625 0.5012769359375 0.684099165625 0.5177486515624999 0.696740625 0.535802525 0.72147295625 0.5214752484375 0.740295384375 0.5082956421875 0.7494978062500001 0.5043454484375001 0.75858255625 0.49648819062499994
28 0.7739666984375 0.443278221875 0.7796889250000001 0.44076752499999994 0.780156490625 0.43395725937499996 0.7705167015625001 0.42125849843749996 0.7533989640625001 0.41978004062499996 0.7473757875 0.42399751406249997 0.7433423890624999 0.42801206406250003 0.7474984874999999 0.43394758749999995 0.766152396875 0.4422669828125 0.7718369843749999 0.4489022953125 0.7750418781249999 0.44665820468749995 0.7739666984375 0.443278221875
24 0.676571946875 0.44250075000000005 0.6776268359375 0.4477462984375 0.68682760625 0.44738777343749997 0.6881096859375 0.44649005312499995 0.6869281875000001 0.43325450156249995 0.682660728125 0.4287623734375 0.67817666875 0.43090478125000004 0.676571946875 0.44250075000000005
24 0.657726928125 0.4746369203125 0.6604960328125 0.4785916109375 0.667314278125 0.4763108359375 0.6698068265625 0.47456553437500004 0.6673714000000001 0.471932303125 0.657726928125 0.4746369203125
24 0.59486689375 0.5237944046874999 0.5982903625 0.528683625 0.6004544421875 0.5288489765625 0.6082889687499999 0.5233631828124999 0.603615034375 0.5181271390625 0.59486689375 0.5237944046874999
24 0.5452088578125001 0.5318753125 0.5471301515625 0.5346192046875 0.5508226781250001 0.53674123125 0.5544861531249999 0.529687896875 0.5484952578125 0.5254051640624999 0.5452088578125001 0.5318753125
24 0.5220354546875 0.56143538125 0.5148576421875 0.565072153125 0.5155508546875 0.5685192265625 0.516589825 0.57000303125 0.5182936484375 0.5692114421875 0.5239826046875 0.5652279921875001 0.5233040453125 0.5632471171875 0.5220354546875 0.56143538125
28 0.4566693078125 0.33959444687499996 0.46224363906250004 0.335691259375 0.45809829999999996 0.3337566375 0.44671944999999996 0.32925713125 0.44334026875 0.335114040625 0.43833761562499995 0.338118253125 0.43916278125 0.342287921875 0.44297725000000004 0.3477355484375 0.444020634375 0.34845114375 0.4474462984375 0.34605246875 0.45518772187499995 0.34028278749999996 0.4566693078125 0.33959444687499996
28 0.4775867234375 0.3088155390625 0.4642865828125 0.3256086359375 0.47001621718750003 0.33978614375 0.4899977171875 0.32579494531250003 0.49492051562499995 0.31022865781250003 0.4945286765625 0.30966905312500004 0.492110453125 0.30712351718750003 0.4775867234375 0.3088155390625
28 0.5231276921875 0.31523245312500003 0.5140752234375 0.31458950625000004 0.5116478328125 0.30631553437500003 0.4941781203125 0.30059539218750003 0.5005746249999999 0.323751834375 0.501433734375 0.3249787703125 0.508873675 0.3311974140625 0.518889415625 0.328454284375 0.5218876125 0.326354925 0.5231276921875 0.31523245312500003
28 0.3314516265625 0.5022434812500001 0.2965951765625 0.49009377499999995 0.29755959062500004 0.49147110156249996 0.317831790625 0.5062946859374999 0.3291706421875 0.5070758468750001 0.330981725 0.5058077125 0.3314516265625 0.5022434812500001
28 0.6359982703125 0.8880398953125 0.6330731015625 0.8889099843749999 0.635761740625 0.8927497609374999 0.6481302531249999 0.9055699796875001 0.648680890625 0.90518441875 0.6488006453125 0.901516284375 0.6359982703125 0.8880398953125
1 0.485165603125 0.6468827703125 0.4741897578125 0.652573409375 0.469622390625 0.6572675625 0.471028346875 0.6602102265625 0.47381070625 0.6641838484375 0.479220321875 0.6652394515625 0.4915979453125 0.6565725453125 0.4919770828125 0.656076428125 0.485165603125 0.6468827703125