4 0 0.4247097125 0.013510689062500001 0.421022365625 0.0198863203125 0.41803015468750004 0.02246221875 0.416954471875 0.030688409374999996 0.4095475765625 0.033547070312499996 0.40572996093749997 0.032498149999999996 0.3995284859375 0.031633549999999996 0.3978127703125 0.0256276421875 0.3911425328125 0.020243614062500002 0.38637631093749997 0.014823134375 0.38356132187499997 0 0.389014759375 0 0.4247097125
4 0.29397569375 0.3093271140625 0.300534571875 0.311117084375 0.3029939953125 0.31110135625 0.30583770625 0.3110831671875 0.31448097812500003 0.30330073125 0.3096694734375 0.29795701406249997 0.305951371875 0.297444790625 0.300531503125 0.297377684375 0.29365363125 0.29477556250000003 0.286685053125 0.293904171875 0.28267753125 0.2958635015625 0.281767428125 0.29943139531249996 0.28290705 0.303902140625 0.2874168140625 0.307537140625 0.29397569375 0.3093271140625
3 0.14211444374999999 0.612728565625 0.14565040468749998 0.6151103484375 0.14661235 0.614244209375 0.142806121875 0.6100169640625001 0.14211444374999999 0.612728565625
3 0.1695197484375 0.5401681484374999 0.1732344296875 0.5398123531250001 0.17609465 0.5372369984375001 0.175797396875 0.5369068640625 0.1746200078125 0.536675228125 0.16933711406250002 0.5381338453125 0.1695197484375 0.5401681484374999
3 0.1560032328125 0.5406095343749999 0.1557488171875 0.540326978125 0.1489650796875 0.5443082171875 0.15005843125 0.5455225078125 0.1507324625 0.5453553578125 0.1560032328125 0.5406095343749999
3 0.17361584218749998 0.52475106875 0.172552321875 0.5216272453124999 0.171445303125 0.520397778125 0.1701380453125 0.5215748390625 0.171525253125 0.5265990890625 0.17159925625 0.5265668109375 0.17361584218749998 0.52475106875
3 0.1269646796875 0.5243613875 0.1286876171875 0.525256153125 0.132055371875 0.5222238140625 0.133239596875 0.5199981953124999 0.1328047390625 0.5195152359375 0.13142694531250002 0.5192441718749999 0.129150153125 0.5212942046875 0.1269646796875 0.5243613875
3 0.118484375 0.4996274203125 0.1130284125 0.5036123953125 0.11210345937499999 0.504445228125 0.11314897500000001 0.505606390625 0.119410153125 0.4999688015625 0.1192358984375 0.4997752734375 0.118484375 0.4996274203125
3 0.154912690625 0.4754572953125 0.1612648578125 0.471729334375 0.16025403437500002 0.4706067015625 0.153819340625 0.47424300781250006 0.154912690625 0.4754572953125
3 0.0779111265625 0.48657113750000003 0.0774602109375 0.48648242656249996 0.0752990421875 0.491327946875 0.078506471875 0.488439965625 0.078946771875 0.48772133906250004 0.0779111265625 0.48657113750000003
3 0.22403992499999997 0.44570820468749994 0.22046740156250003 0.441740515625 0.21809568750000002 0.44295254218749996 0.22137573906250002 0.446595409375 0.224005771875 0.4457389546875 0.22403992499999997 0.44570820468749994
3 0.24006622656249998 0.4438933625 0.24052432656249997 0.4429999109375 0.2387202984375 0.440996334375 0.230546615625 0.4483559515625 0.23163996718750002 0.44957024062500006 0.2357545578125 0.44777560781250003 0.24006622656249998 0.4438933625
3 0.275329590625 0.38591516875 0.277191415625 0.3873376296875 0.2796994421875 0.3850793921875 0.2820807015625 0.3817374390625 0.28187341875 0.381507228125 0.2805957359375 0.380843696875 0.2751655875 0.385733025 0.275329590625 0.38591516875
3 0.2969982625 0.3148371359375 0.2955147 0.3125931 0.2949133609375 0.3119252453125 0.2929003390625 0.31221926875 0.292388534375 0.3126801015625 0.2949690078125 0.31638256875000004 0.29557584062500003 0.316117890625 0.2969982625 0.3148371359375
3 0.2133161984375 0.3544414359375 0.2135517078125 0.3523306734375 0.21239002343750002 0.351040490625 0.2118321359375 0.3512221640625 0.21119537031250002 0.35509362968749997 0.212341446875 0.35531910624999996 0.2133161984375 0.3544414359375
3 0.3706205296875 0.3170932671875 0.3724889125 0.31835178750000004 0.37696660312499997 0.3143200578125 0.375504246875 0.312695946875 0.3706205296875 0.3170932671875
3 0.36397227656250003 0.292379384375 0.363470875 0.2905633890625 0.35764130625 0.2914148640625 0.3573685828125 0.293859171875 0.362919259375 0.293327525 0.36397227656250003 0.292379384375
3 0.302111496875 0.4511040859375 0.301836975 0.4480462765625 0.3010898515625 0.4472165125 0.299830625 0.44762657031249997 0.29974053437500003 0.45210518125 0.3010086765625 0.4520970703125 0.302111496875 0.4511040859375
3 0.3018335578125 0.44804248125 0.303436690625 0.447808325 0.3045172171875 0.44683541406250005 0.30389979375 0.443331909375 0.302649728125 0.441943571875 0.3011945671875 0.4419528796875 0.3017310546875 0.447928640625 0.3018335578125 0.44804248125
3 0.4090789734375 0.3896814921875 0.408860365625 0.389713421875 0.4052174984375 0.39299347500000004 0.40631085 0.3942077640625 0.40963658281250004 0.3903007796875 0.4090789734375 0.3896814921875
3 0.524012034375 0.42158768281250003 0.5226388546875 0.4215964671875 0.5208513406249999 0.4250827359375 0.52346464375 0.427985103125 0.5248571015625 0.4225262265625 0.524012034375 0.42158768281250003
3 0.7603319828124999 0.26139092656249996 0.75925435 0.26019409375 0.74934324375 0.2619611734375 0.7499812359375 0.26358546875 0.7586891359375 0.262870153125 0.7603319828124999 0.26139092656249996
3 0.9426779703125 0.4288798671875 0.9387611515625001 0.42910846874999997 0.9400383625 0.43785282031249995 0.9448443453125 0.4400736375 0.9492141578125001 0.436139040625 0.94901940625 0.4359227453125 0.9441365875000001 0.4341627609375 0.9426779703125 0.4288798671875
3 0.9782049374999999 0.43947134062500004 0.9807621296875 0.4314795796875 0.977191653125 0.42751416249999996 0.97698211875 0.4273730234375 0.9716103609375001 0.43880601406249997 0.9768473984374999 0.440693675 0.9782049374999999 0.43947134062500004
3 0.877316665625 0.4819528734375 0.8853152078125 0.485263709375 0.8889774828125001 0.48196618124999996 0.8891903421875 0.48169894218750003 0.879677284375 0.4798273625 0.877316665625 0.4819528734375
3 0.3526290796875 0.5464887765625 0.351033471875 0.5447166734375 0.34232936875000003 0.5477784812500001 0.344971428125 0.5497970515625 0.351583178125 0.5474305109375 0.3526290796875 0.5464887765625
3 0.185999521875 0.6544716796875 0.18730236718749999 0.6454243328125 0.1853958359375 0.6433069171875 0.18514989375 0.6433084890625 0.1826016046875 0.6532985921875001 0.18505693125 0.6553203937500001 0.185999521875 0.6544716796875
3 0.789531778125 0.716583525 0.7874712953125 0.709518596875 0.7831027546875 0.7046668406250001 0.7807688781250001 0.70399785 0.7835047078125 0.7180250953125 0.78631174375 0.71948285625 0.789531778125 0.716583525
3 0.0556575140625 0.3660397828125 0.056412967187499996 0.364619990625 0.055468709375 0.3635712859375 0.055373073437499996 0.3636024296875 0.0523681984375 0.36850677656249997 0.0527166578125 0.368687740625 0.0556575140625 0.3660397828125