7 0.357373396875 0.7184671 0.36815007187500004 0.7175381125 0.37989917968750003 0.7069591671875 0.38583329375000003 0.6928416937499999 0.379928221875 0.681887928125 0.3701062734375 0.6709795484375001 0.315859465625 0.6178750828124999 0.30483709531250003 0.615706565625 0.295227684375 0.618312365625 0.288123971875 0.624158890625 0.285211640625 0.63557615 0.2899971953125 0.6505062453125 0.3454384703125 0.708874953125 0.357373396875 0.7184671
7 0.3888434390625 0.680937840625 0.40072188750000004 0.6798001140625 0.40635277500000005 0.6747300390625 0.41133985937500006 0.6683775843750001 0.411701446875 0.6559589046875 0.40307762656249996 0.6422145968749999 0.399915103125 0.638702259375 0.3329363796875 0.57626516875 0.3221873484375 0.5744002234375001 0.3100734671875 0.5792610578125 0.30415442187499997 0.5873390234375 0.303476509375 0.6016499390625001 0.3039216984375 0.6021443703125 0.379506140625 0.6783514515625 0.3888434390625 0.680937840625
7 0.42677869843750005 0.6643020390625 0.43620670156249997 0.6651576984375 0.44302889843750004 0.6606296703125001 0.44676121249999995 0.6572690796875 0.45382870156250005 0.64764171875 0.45350786718749997 0.638585928125 0.43891314687499994 0.6189657453125 0.43179218593749996 0.6110571171875 0.3673626828125 0.55069574375 0.3585720578125 0.548716496875 0.34782425156249996 0.5523473140624999 0.33849063125 0.5662482078125 0.337901365625 0.578871890625 0.40331793125 0.6414512828125 0.4139781 0.6532905999999999 0.42677869843750005 0.6643020390625
7 0.4888688046875 0.6382781921875 0.4958632921875 0.6319803281249999 0.4953524671875 0.6239338765625 0.4894291296875 0.6127766765625 0.47576285937499996 0.6003459453125 0.44035076718750005 0.5528439171875 0.43009519375 0.541453946875 0.422370696875 0.5401322093750001 0.41194127343750003 0.5418272921875 0.40219672656250005 0.5511510078125 0.3977363015625 0.564511865625 0.4343653890625 0.6134341859375 0.457736678125 0.6435114328125 0.47071868281249996 0.6510614140625 0.4888688046875 0.6382781921875
7 0.50614818125 0.6143095671875 0.517666715625 0.6039382328125 0.5200123125 0.5962400578125 0.5134503687499999 0.5807106828124999 0.4619915203125 0.5138301765625 0.447459925 0.49769120625 0.44411207812500003 0.49637684374999996 0.4299478578125 0.497586946875 0.41938391406250003 0.5087478265625001 0.41738229843749997 0.5193450734375 0.47583458125 0.6002882390625001 0.4891361953125 0.611398246875 0.5001135203125 0.615806071875 0.50614818125 0.6143095671875
7 0.510813884375 0.5679613328124999 0.5207885609375 0.5694241359375 0.5266119640625 0.5664481796875 0.5355768265624999 0.55837618125 0.5359980203125 0.5579282234375 0.536360221875 0.5482574234375 0.53560705625 0.537210521875 0.5315335578125 0.5326864453125 0.4661568734375 0.465252175 0.45945979374999996 0.456440715625 0.4504427171875 0.460162234375 0.44425033750000004 0.4679366265625 0.442112359375 0.4797560296875 0.49309381874999997 0.554233475 0.497421565625 0.55858205625 0.510813884375 0.5679613328124999
7 0.5473689562499999 0.5454429453125 0.5530171187499999 0.5480529296875 0.5602584187499999 0.5464800109375 0.5613239953125 0.54570608125 0.5715030390625 0.5365408296874999 0.575056953125 0.5304069203124999 0.573278725 0.5215639999999999 0.5696808796874999 0.514340228125 0.5506325109375 0.49318487031249997 0.49086772500000003 0.4314109109375 0.481713059375 0.4308588234375 0.469462203125 0.4341939328125 0.463680134375 0.4437976234375 0.4603913234375 0.4560101078125 0.4641824921875 0.4602206265625 0.536846378125 0.537877234375 0.5473689562499999 0.5454429453125
7 0.59817695 0.5365104796875 0.613113071875 0.5247109953125 0.620593328125 0.5259805531249999 0.62298475 0.5238273062500001 0.624725321875 0.5170037109375001 0.6191801171875 0.5039313515625 0.6100288203125 0.49376780625 0.5383962796875 0.421583459375 0.5295143375 0.41858706406249996 0.5197229078125 0.42190644375 0.5094779578125 0.43387946875 0.507386253125 0.44895532656250003 0.5681116453125 0.5113611765625 0.5870169890625 0.5300683546875 0.59817695 0.5365104796875
4 0.526205859375 0.3845102875 0.527301046875 0.39396821718749997 0.5241591999999999 0.3973468359375 0.524752759375 0.4039583203125 0.533818559375 0.4144847796875 0.589897828125 0.47447778281249997 0.6090308515625 0.49297995625 0.6198712015625001 0.4958620546875 0.6257933125 0.501523490625 0.634812840625 0.50879349375 0.6416000109375 0.5131263453125 0.6541278859374999 0.5265820921875 0.662106884375 0.5222423968750001 0.665104528125 0.51954330625 0.6663306312499999 0.5117468859375001 0.6542587281250001 0.5006290124999999 0.648289734375 0.4889632375 0.6397706078125001 0.4790439203125 0.6321162359375 0.4599203765625 0.62438845625 0.45133780625000003 0.6196324828125 0.44660520625 0.5907506203125 0.4181915796875 0.5662409328125 0.38913935 0.55034291875 0.37651934374999996 0.5398215640624999 0.3744493984375 0.5375459984375001 0.3819951921875 0.5308051015624999 0.38091879687499997 0.526205859375 0.3845102875
7 0.6690034203125 0.477994415625 0.676883940625 0.4835415546875 0.6869955937500001 0.4865300859375 0.6968783421875 0.4842278578125 0.7085109328125 0.47835745156250004 0.7113967625 0.475759040625 0.71463731875 0.46823760312499996 0.6643426265625 0.3812905484375 0.6580039249999999 0.37425070625 0.6536762734375 0.370314309375 0.6489844875 0.3673928859375 0.6386001078125 0.3668486640625 0.626759565625 0.3720130703125 0.619792828125 0.37938532343750003 0.6227544984375 0.3849639234375 0.6234856468750001 0.3958490125 0.6690034203125 0.477994415625
7 0.5675087421875 0.6261426453125 0.5755250125 0.62771975 0.5870916046875 0.6195038890625 0.5917520234375 0.6213335671875 0.592460675 0.62069549375 0.593740571875 0.6168152515624999 0.60139193125 0.6126537562500001 0.6059867156250001 0.6085165921875 0.6109528734375 0.600217853125 0.6506147062500001 0.5650558640625001 0.6544395953125 0.5610622328125 0.651465334375 0.5537984359375 0.6286652484374999 0.5284763734375 0.6267405609375001 0.52663640625 0.6164925421875 0.5248700296875 0.5637154062499999 0.567443596875 0.5467301734375 0.5810881109375 0.5418137749999999 0.59211109375 0.5454140484375001 0.6020618703125 0.5552091609375001 0.6152297765625 0.5675087421875 0.6261426453125
7 0.4940478890625 0.6966364890625 0.5095763453125 0.685952725 0.5107851546875 0.6858262578125001 0.5538829265625 0.6470208515625 0.5540194421875 0.6464856671875 0.5688185890625 0.63316045625 0.5659483953125 0.6292859843749999 0.5434273171874999 0.6042737921875 0.5357002984375 0.6014154031250001 0.502776909375 0.6266622609375 0.49840595781249997 0.6327966296875001 0.4721759671875 0.6503676671874999 0.47021939843749994 0.658725609375 0.4659842 0.6608899390625 0.4826133640625 0.6843950328124999 0.4940478890625 0.6966364890625
7 0.41003997343750004 0.7723119125 0.43039412187500004 0.75233589375 0.43840977968750006 0.751165115625 0.44810928125 0.74408070625 0.454028325 0.7360027421875001 0.4711042640625 0.7206274984375 0.4906278984375 0.699751990625 0.475880453125 0.68337329375 0.4617565375 0.6713271375 0.451372771875 0.6735307953125 0.41676553906249997 0.7046912890625 0.3787400515625 0.7251874296875 0.3825248 0.7454161484374999 0.3930492203125 0.7612255015625 0.40302573593749996 0.770931946875 0.41003997343750004 0.7723119125
28 0.38906191093750003 0.7533753375 0.3838754140625 0.7463438250000001 0.37996545937500004 0.7262965578125 0.3751169828125 0.720911778125 0.370298009375 0.7239387234375 0.364833709375 0.7288588 0.362423621875 0.7458703921875001 0.3726284328125 0.7581197140625 0.37936933125 0.7591961078125 0.3831029 0.7541853265625 0.386154390625 0.7559932796875 0.38906191093750003 0.7533753375
24 0.40912821250000003 0.6613197468750001 0.40425440625000003 0.6591119015625 0.3925946578125 0.6580669703125 0.389498465625 0.661954165625 0.3929154921875 0.667122759375 0.4055460375 0.6712513265625 0.4067091546875 0.6702040515625 0.40912821250000003 0.6613197468750001
24 0.4392804640625 0.657697121875 0.44303655624999994 0.6515666890625 0.4398061359375 0.6479789453125 0.43500130312499996 0.6567678234375001 0.43701919375 0.659733178125 0.4392804640625 0.657697121875
24 0.505512246875 0.604369409375 0.5058379453125 0.6022235984375001 0.5018441484375 0.5977880375 0.4943542296875 0.60503710625 0.49840466875 0.610769103125 0.505512246875 0.604369409375
24 0.524366940625 0.557785075 0.523129940625 0.5537098359375 0.5208885703125 0.5512205421874999 0.513844971875 0.552967246875 0.5166702796875 0.559768 0.524366940625 0.557785075
24 0.560062115625 0.5291148906250001 0.5549038984375 0.535290640625 0.556383828125 0.5369342687499999 0.558161290625 0.5380410375 0.5633223828125 0.5333939703125 0.5644769593750001 0.531911884375 0.563264903125 0.5305657593750001 0.560062115625 0.5291148906250001
28 0.36182014375 0.4141625875 0.3649279484375 0.41136430625 0.364465403125 0.41018669062499996 0.36001546875 0.40524453749999995 0.356138290625 0.4035025484375 0.3520857234375 0.4077011828125 0.3456187765625 0.4096762390625 0.3474432765625 0.42177561875 0.3483958140625 0.4262499078125 0.35345291562500003 0.4216964734375 0.3544568984375 0.42040770156249996 0.36182014375 0.4141625875
28 0.3381120453125 0.42597239531250003 0.318757475 0.43515402812500004 0.313841690625 0.44892489375 0.31577800312500004 0.45185375937499994 0.3162351203125 0.45236143906250004 0.33250983437500004 0.45106646406250006 0.350637296875 0.43474442343749997 0.3381120453125 0.42597239531250003
28 0.3291420328125 0.462025778125 0.3281398 0.4609126859375 0.30701575625 0.44947105781249996 0.3086594625 0.467779775 0.31617532812500004 0.472006190625 0.31476543437500004 0.4809712765625 0.3258817953125 0.48226499218749996 0.3286017953125 0.47981589218750004 0.33352767031249997 0.47067392343750003 0.3291420328125 0.462025778125
28 0.5436797 0.336620103125 0.5453227375 0.33514070625 0.547112284375 0.3239167453125 0.5372288796875 0.300829540625 0.5361038 0.2995800125 0.540101115625 0.3362761828125 0.5436797 0.336620103125
28 0.8577525859374999 0.7353084062499999 0.8613536453125 0.7360168703125 0.861853190625 0.735567078125 0.8521438625 0.72063165 0.8490073125 0.7171481578125001 0.847501503125 0.7198026265624999 0.8577525859374999 0.7353084062499999
1 0.662621253125 0.507810346875 0.6600702796875 0.5057784703125 0.654469003125 0.509172821875 0.6464551875 0.5185872421875 0.6538809624999999 0.5272922671875 0.6544496515625 0.5270344484375 0.6656787859375 0.5169236921875 0.6658671359375 0.511415265625 0.662621253125 0.507810346875