23 0.9288321843749999 0.12187342812499999 0.922427440625 0.1261144421875 0.9131421171874999 0.12324613124999999 0.90808640625 0.12569608906250002 0.901598721875 0.123252228125 0.8965394734375 0.1382111140625 0.8968931437500001 0.142253590625 0.898302759375 0.1429477703125 0.9149142843750001 0.1435020890625 0.937797709375 0.1411654421875 0.9435466781249999 0.1322973078125 0.939242328125 0.1289932171875 0.9288321843749999 0.12187342812499999
20 0.851832540625 0.4877370265625 0.8386081234375 0.4828710921875 0.8072282156249999 0.46554008125 0.8059701031250001 0.5027914859375 0.79757806875 0.5309296203125 0.797828328125 0.5337901015625001 0.856306309375 0.5589514359375001 0.8747976359375 0.5707283765625 0.87606805625 0.5706172296875 0.8819416890625 0.559385484375 0.8878614312499999 0.49796916874999997 0.851832540625 0.4877370265625
19 0.8816321390624999 0.42605091875 0.8787389140625 0.4360076359375 0.8703537890625 0.44844838906250006 0.8705394953125 0.4505710140625 0.8829321109375 0.46492931249999997 0.8996881171875 0.46346335156249996 0.8973592343749999 0.4537857515625 0.9075702296875001 0.45289240468749997 0.8927561624999999 0.4384619578125 0.8816321390624999 0.42605091875
23 0.74319151875 0.614563328125 0.755946890625 0.619804903125 0.8111385265625 0.6264888187500001 0.8152808453124999 0.6261264125 0.8145773437500001 0.592925971875 0.8142746328125 0.566518534375 0.7858624609375 0.5572930453125 0.758483740625 0.5570115203125 0.7244012234375 0.5550429484375 0.724440278125 0.5554893421875 0.7569683734375 0.585585659375 0.7600398984375001 0.59200906875 0.7658591625 0.6068918531249999 0.7592967421875 0.6064621703124999 0.758508125 0.6031850999999999 0.74319151875 0.614563328125
23 0.702937253125 0.6489002968750001 0.7262276328125 0.6311361421874999 0.7442132515625001 0.6158437328125 0.75922270625 0.6038231640625 0.76103656875 0.6073451453125001 0.7660175421875 0.606909365625 0.75917303125 0.591781671875 0.756599603125 0.5853146859375 0.7346669125 0.569834003125 0.7070477984375 0.5381204875 0.7024527046875 0.5515721640625 0.6904278453125 0.5489435312500001 0.666166109375 0.5728155875 0.6725167375 0.5822981781250001 0.65561469375 0.578423209375 0.6151774375 0.5866455046875 0.60705840625 0.59137110625 0.5968885328125 0.6034910906250001 0.5970565421875 0.60541145 0.6151188828125 0.6261342062499999 0.632776275 0.6386428625 0.6498757281249999 0.6703983874999999 0.6519003953125 0.6702212515625 0.672706778125 0.6619179265625 0.702937253125 0.6489002968750001
23 0.6199480640624999 0.7200707734375 0.62982275 0.7163940625 0.628743840625 0.689719925 0.6259506421875 0.663530378125 0.6208745343750001 0.634194490625 0.613660553125 0.6234490078125 0.598979325 0.6076685125 0.5889552859375 0.593488203125 0.5825920124999999 0.6010716578124999 0.5618131953125001 0.5901745140625 0.5560515828125 0.6161086953125 0.5386886984375 0.6213084234374999 0.5310337781250001 0.6216579140625 0.5320511625 0.6332866687500001 0.5339898140625 0.6364422125 0.5387796171875 0.6567687703125 0.571163696875 0.70278809375 0.57629391875 0.7184003765625 0.608641003125 0.7210600125 0.6199480640624999 0.7200707734375
23 0.64835455 0.9006048890624999 0.6802662734375 0.8723828734374999 0.71156790625 0.8371874921875 0.7173916109375 0.8263051796875001 0.72695925 0.8237950859375 0.7362239500000001 0.8149539703125 0.7500504796875 0.798017796875 0.7230498859375001 0.76190028125 0.7109420859375 0.752586771875 0.7074472015625 0.7441927625 0.6985604000000001 0.73727430625 0.6723601640625 0.767673484375 0.6535859281249999 0.779688821875 0.6296479781250001 0.8015249125 0.6176852109375 0.8139481421875001 0.59717185 0.820427321875 0.58417536875 0.8346601765624999 0.58433170625 0.83644711875 0.5930952484375001 0.8656212640625001 0.6054809234375 0.8953214671874999 0.6146875203125 0.885816221875 0.6098515796874999 0.9079887421875 0.6240429140625 0.9325118703124999 0.64835455 0.9006048890624999
28 0.2585917734375 0.1892534609375 0.264577371875 0.177353165625 0.2719326234375 0.1753712375 0.2501369890625 0.15285182656250001 0.2308358296875 0.144502259375 0.22155449531250002 0.1560216828125 0.1984713359375 0.172927390625 0.19851035 0.1733733140625 0.2106500171875 0.183409625 0.2315964421875 0.197240821875 0.23372394062500002 0.1970546890625 0.2378626296875 0.1903978125 0.2444374703125 0.1938378703125 0.2585917734375 0.1892534609375
19 0.43210226875 0.46505553749999995 0.42062540625 0.45434840000000004 0.411603534375 0.47564600625000003 0.41174050156249997 0.47721154375 0.4232857640625 0.4818879984375 0.4326460265625 0.48393414999999995 0.4379108515625 0.4834735375 0.4459782453125 0.48023726875 0.4457334109375 0.47457037656249995 0.43210226875 0.46505553749999995
19 0.3703505625 0.5819239390625001 0.3698633984375 0.5786936890625001 0.375977621875 0.571132025 0.3674975484375 0.5688624765625 0.361291953125 0.5811166265625001 0.367554784375 0.5821685375000001 0.3703505625 0.5819239390625001
19 0.29639883125 0.5572090328125 0.30039090156250003 0.5598121828125 0.3081755234375 0.548395821875 0.30812855625 0.5478589828125 0.30031639062500004 0.54174994375 0.2962534984375 0.5555478593750001 0.29639883125 0.5572090328125
28 0.229182709375 0.5418876765625 0.23960753124999998 0.5588561640624999 0.24031909843750002 0.5587939109375 0.242255921875 0.54323255625 0.23637012343750002 0.5390630046875 0.22899205625 0.5397085015624999 0.229182709375 0.5418876765625
19 0.10763243125 0.604703471875 0.12650741875 0.6110997921875 0.1304743453125 0.6107527296875 0.1481414515625 0.5757882249999999 0.1295790078125 0.578750653125 0.107556409375 0.603834525 0.10763243125 0.604703471875
26 0.418112384375 0.209416634375 0.41989360312499996 0.21056785625000002 0.42069419375 0.21049781250000002 0.428754228125 0.1905004890625 0.42669131718750003 0.187000296875 0.417939525 0.20744084843750002 0.418112384375 0.209416634375
13 0.41384663125000004 0.1997411875 0.41107566406249996 0.20069726875 0.41216026250000004 0.21309427812499998 0.4135849375 0.21682901718749997 0.416260646875 0.21715957187499998 0.4203401171875 0.21680266406249998 0.422069225 0.21340988749999998 0.42039241875 0.2028491765625 0.41384663125000004 0.1997411875
28 0.8036372937499999 0.507680075 0.7964024640625 0.50530158125 0.7881466015624999 0.49698949687500005 0.770463653125 0.5078532578125 0.770657225 0.5100658078125 0.7791515718750001 0.51751825 0.7876192265624999 0.5167774265625 0.7929464921875 0.5229930265625 0.794415846875 0.522864475 0.8026202515625 0.5161342203125 0.8036372937499999 0.507680075
23 0.9265760625 0.585511428125 0.9266383812500001 0.5804868765625 0.917714325 0.5645372984375 0.9034189765624999 0.5617727 0.8889451015625 0.56270439375 0.8846156890625 0.5734559734375 0.8912692546875001 0.5892695859375 0.8883041374999999 0.617766453125 0.888748621875 0.62284693125 0.8949248296875 0.628569278125 0.8982892609375 0.628274928125 0.9170578718750001 0.620139428125 0.9216529671875 0.6066877515625 0.929792846875 0.5935951609375001 0.9265760625 0.585511428125
23 0.7936094203125 0.6383115703125 0.7742119484375001 0.6403348703125 0.7747501359375 0.6464863734375 0.77578569375 0.6525859953125 0.8059555234375001 0.667722453125 0.8072247296875 0.6676114125 0.817049046875 0.636595475 0.813927621875 0.6382069921875 0.7936094203125 0.6383115703125
23 0.3932842859375 1 0.396140228125 0.9923421515624999 0.397045278125 0.9768710687500001 0.3900512921875 0.9657717281249999 0.3752868984375 0.963382775 0.37119012812499996 0.9567144578125 0.3615686 0.9528717390624999 0.358795796875 0.9584680343749999 0.362452575 0.9658440578124999 0.36258940625 0.9788817468750001 0.3590071390625 0.989567959375 0.35235334687500003 0.9938307609375 0.34863003593749997 0.9971679703125 0.33553424375 0.9966406687499999 0.330806984375 1 0.3932842859375 1
23 0.1396591421875 0.6914572453125001 0.11264989218749999 0.6867935093749999 0.1047009578125 0.6992001812499999 0.08749127343749999 0.6971871625 0.08924267031250001 0.7172057203125 0.09683001249999999 0.7360367703125 0.10390787187499999 0.7354175390625 0.1242633578125 0.7306147468749999 0.1439342140625 0.7145056875 0.1481183671875 0.7020937828125 0.1396591421875 0.6914572453125001
27 0.35915724375 0.457425746875 0.3581794484375 0.45751129375 0.3324382921875 0.48509467031250003 0.33338964375 0.49596867187499993 0.3365149140625 0.500186875 0.3378238375 0.500072359375 0.366374971875 0.4689028546875 0.35915724375 0.457425746875
27 0.31385155937500003 0.40029240312500003 0.2951726828125 0.42200299062499996 0.29074275 0.4320418703125 0.2914739984375 0.43197789374999995 0.30785753125 0.4235700640625 0.3235351796875 0.4191869875 0.32557746875000004 0.4109777515625 0.32138932656249997 0.40900192031250004 0.3179359125 0.40395034843750005 0.31385155937500003 0.40029240312500003
27 0.3037591609375 0.5129758109375 0.2940462625 0.513825578125 0.29466854531250003 0.54388573125 0.29233417031250003 0.5466050874999999 0.2925503640625 0.549076203125 0.29605832187500003 0.5523488921874999 0.2962222046875 0.552334553125 0.3003385609375 0.5427204546875 0.3146299203125 0.53109731875 0.313700259375 0.5204712421875 0.3037591609375 0.5129758109375
28 0.64637574375 0.39680817031250004 0.63991436875 0.414026928125 0.6403337125 0.4188200453125 0.6413786875 0.42018682187499995 0.644067634375 0.41995157031249997 0.652323634375 0.4160295875 0.6563168421875 0.4043036015625 0.6547810796875 0.40109189843750004 0.64637574375 0.39680817031250004
16 0.5468481703125 0.5155744140625 0.5790222640625 0.5228873484375 0.580590259375 0.5227501671875 0.5831075484375 0.49222712187499995 0.5464144515625 0.48874521875 0.545861621875 0.5042980984375001 0.5468481703125 0.5155744140625
23 0.609526040625 0.5700959125 0.614233128125 0.5636611765625 0.6186747609375 0.539850121875 0.61183025 0.524722428125 0.604682575 0.523340128125 0.5981077359375 0.5199000734375 0.5829281843749999 0.524239571875 0.5804707390625 0.5391772609375 0.5788968671875 0.541266828125 0.579581865625 0.549096396875 0.583923928125 0.5643052484375 0.602067 0.5737599531249999 0.6072610218750001 0.5909978609375 0.6079178875 0.5909403921874999 0.6146562624999999 0.58570819375 0.609526040625 0.5700959125
23 0.6348666781250001 0.550667565625 0.6340510187499999 0.5621406484375 0.634932503125 0.57221605 0.63603220625 0.5775014281249999 0.656312196875 0.575727159375 0.669492646875 0.556337959375 0.6573433765625001 0.543682009375 0.6490085624999999 0.5430727859375 0.6348666781250001 0.550667565625
23 0.5716864015625001 0.5793248078125 0.5755008578125 0.5913715296875 0.5734461484375 0.59657039375 0.5824076859375 0.6014746734374999 0.5890200078125 0.59386943125 0.595552896875 0.6030014671874999 0.5976660390624999 0.6028165921874999 0.606453415625 0.5923442062500001 0.600783625 0.5734330625 0.5755800343749999 0.563592253125 0.572446190625 0.5621933968749999 0.572570603125 0.5722207109374999 0.5716864015625001 0.5793248078125
23 0.609680121875 0.5704228484375 0.609744803125 0.571162153125 0.6149410375000001 0.582483603125 0.6368146203125 0.5805699125 0.6369475828125 0.5805478234375 0.62866266875 0.571903675 0.61584919375 0.5659979703125 0.609680121875 0.5704228484375
19 0.45748828281250004 0.689603721875 0.4449322859375 0.6722988671875 0.4206042984375 0.6860912734375 0.421352453125 0.6946427140625 0.422339153125 0.6980325796875 0.43875551718750005 0.7049614984375 0.44762551093749997 0.706914609375 0.45504443749999995 0.7062655375 0.4585465703125 0.70456843125 0.45748828281250004 0.689603721875
27 0.45403027187499995 0.8971218609375 0.4331973390625 0.8999483265625001 0.4298159328125 0.9168744734375001 0.4301601328125 0.9208086921874999 0.446429734375 0.9335897296875 0.463169040625 0.9392565328125 0.46814539999999993 0.9388211578125001 0.47494616875 0.9128127953125 0.474856846875 0.911791853125 0.45403027187499995 0.8971218609375
27 0.6529980421875 0.505488309375 0.638828528125 0.5091817640625 0.6394452765625 0.5162312250000001 0.6415614921875 0.5236897500000001 0.6438432875 0.5234901187500001 0.6603324453125 0.5118733718749999 0.6611545546875 0.489717409375 0.6546917078125001 0.4932942953125 0.6529980421875 0.505488309375
28 0.64569715625 0.506074771875 0.65291504375 0.5038225375 0.6539279171875 0.497041790625 0.6530014109375 0.49599952812500003 0.6541811359375 0.49534660312499995 0.6490052281249999 0.482080565625 0.6482964625000001 0.483481003125 0.6476100406249999 0.4819098484375 0.6378437234375001 0.480714825 0.6355046484375 0.48911732968750005 0.6356451640625 0.49072342343750003 0.6419175671875 0.496084921875 0.6383737375 0.5030870984375 0.638844696875 0.5038346125000001 0.637664971875 0.5044875359375001 0.6378637953124999 0.506760103125 0.64569715625 0.506074771875
19 0.3726188203125 0.5613354015625001 0.3775384140625 0.551682396875 0.39419562343750003 0.549890475 0.3870521640625 0.5428194937499999 0.375122665625 0.549886109375 0.3647888953125 0.56202043125 0.3726188203125 0.5613354015625001
26 0.13912355 0.59999965 0.1398066046875 0.598564284375 0.1401220609375 0.5989828296875 0.140489659375 0.5971289203125 0.1411205734375 0.597966009375 0.1659969421875 0.5726334703125 0.1659798421875 0.5724380171875 0.1622189953125 0.568533678125 0.15925558125 0.5715414984375 0.1592281796875 0.5718068 0.1582677765625 0.5725441046874999 0.1582312421875 0.572897840625 0.1572799734375 0.5735467109375 0.157234303125 0.5739888828125 0.1562921671875 0.5745493171875 0.1562373640625 0.575079921875 0.1553043625 0.5755519234375 0.155240425 0.5761709625 0.154316559375 0.57655453125 0.15424348593749998 0.577262003125 0.153328753125 0.5775571390625001 0.15324654843750002 0.5783530453125 0.15234094843749998 0.57855974375 0.152249609375 0.5794440843750001 0.1513531453125 0.57956235 0.151252671875 0.580535125 0.150365340625 0.58056495625 0.1502557328125 0.581626165625 0.1493775359375 0.5815675625 0.14925879375 0.5827172078125 0.14838973125 0.5825701703124999 0.14826185625 0.583808246875 0.1474019265625 0.5835727765625001 0.1472649171875 0.5848992890625 0.146414121875 0.5845753828125 0.1462679796875 0.5859903296875 0.14542631718750001 0.5855779890624999 0.14527104062500001 0.5870813703125 0.1444385125 0.5865805953125001 0.11960978281250001 0.6116893140624999 0.1149017453125 0.6160813968750001 0.11501276875 0.6173504015625 0.11701666562499999 0.6182039984375 0.120264203125 0.6179198765625 0.12604838125 0.6111817765625001 0.1236946171875 0.6076353296875 0.136536078125 0.5946014484375 0.13912355 0.59999965
28 0.7892282390625 0.7424124671875 0.7894563265625 0.7607958765625 0.789605859375 0.762505034375 0.8039006765625001 0.7667157453125 0.8077135359375 0.7663821625 0.8133152125 0.7567008546875 0.8099822203124999 0.7472888625 0.8031459140624999 0.7408602234375 0.7892282390625 0.7424124671875
28 0.35006335 0.9196098125000001 0.350148925 0.9205879296875 0.3625377296875 0.935512884375 0.3632717296875 0.9354486671875 0.366539675 0.9286582937500001 0.3663935546875 0.9269881375000001 0.357034896875 0.9168276343749999 0.35006335 0.9196098125000001