6 0.3441172359375 0.6358894953124999 0.34933410781249996 0.6396797734375 0.3673943703125 0.6504407765625 0.39334336875 0.6659216171875 0.41107095937500004 0.6735898687499999 0.42030960625 0.6732511578125 0.552154128125 0.514286728125 0.5535823484375 0.5139735890625 0.557764415625 0.5082174687500001 0.55808305625 0.5072514609375001 0.54728405 0.49848582812500003 0.460970525 0.440067284375 0.40411116874999997 0.40580752656249997 0.32263959375 0.6096472859375 0.32400450625 0.61677024375 0.3312775390625 0.6242003625 0.3441172359375 0.6358894953124999
13 0.5455767296875 0.49729137031250004 0.5585640515625 0.5064206484375 0.5566224640625 0.513593809375 0.553098103125 0.515631678125 0.534388584375 0.53913271875 0.5468456765624999 0.5579933890625 0.5601684296875 0.5707539109375 0.5661026109375 0.5750653453125001 0.5902339296875 0.5882905421875 0.612093028125 0.5925226578125 0.6275794140625 0.5908984671875 0.642772628125 0.58630219375 0.65704149375 0.5807277796875 0.660312534375 0.5770765078125 0.670012834375 0.5637251921875001 0.6726399609375 0.55925833125 0.6761578765625 0.543726940625 0.6768082453125001 0.531017190625 0.6743203125 0.5141879406250001 0.6684073546875 0.5037606375 0.6523522093749999 0.48535147187499994 0.6448825328125001 0.47972516875000004 0.6272171156249999 0.466890490625 0.6022772671875 0.4535683625 0.5908743359375 0.45294775937500004 0.5750483328125 0.4561645921875 0.5618976515624999 0.46132515781250005 0.552466778125 0.46642924218750004 0.540972571875 0.47831146562500004 0.5353608453125 0.4877231453125 0.5455767296875 0.49729137031250004
28 0.3035501421875 0.824659028125 0.31443160312499996 0.8192117968750001 0.31596531250000004 0.817100828125 0.3017912 0.79923913125 0.29485778281249997 0.7902163703125 0.286322396875 0.786774128125 0.27958926093750003 0.7898528953125 0.28066261406250004 0.79737715 0.292044740625 0.8053401859375 0.3028597171875 0.8241574046875 0.3035501421875 0.824659028125
2 0.5844992765625 0.9854323062500001 0.5775484843750001 0.99137751875 0.5770794687499999 0.9920230625 0.579597228125 0.9943172765625 0.583178815625 0.9969194515625001 0.5922624484375001 0.9844169031250001 0.5844992765625 0.9854323062500001
2 0.5844656125000001 0.9423202093749999 0.5842350281249999 0.9513342859374999 0.58500425625 0.9518931625 0.5897153125 0.9533650453125 0.5906072531250001 0.9521373953125 0.5897681984375 0.947399021875 0.5844656125000001 0.9423202093749999
2 0.6743129421875 0.8680652921875 0.6747471875 0.8682281140624999 0.675289928125 0.867481096875 0.6723877921875 0.8609338328125 0.6667653171875 0.862581621875 0.6743129421875 0.8680652921875
2 0.5317182593750001 0.847512509375 0.5419673484375 0.846296034375 0.5425904218750001 0.845438446875 0.5335330703125 0.8412589031250001 0.5308763078125 0.8469007953125001 0.5317182593750001 0.847512509375
2 0.34290684531250004 0.678174371875 0.3357091171875 0.6757039984375 0.33097046093750004 0.680538403125 0.33673969375 0.6884700828125 0.3388030328125 0.6899691859375 0.3389281625 0.689796959375 0.34290684531250004 0.678174371875
2 0.3323944734375 0.7738335875 0.3353452625 0.7801620671875 0.33819211875 0.7822304296875 0.34575968437500004 0.78406724375 0.3465669609375 0.7829561234375 0.3446612953125 0.77341106875 0.343961534375 0.7729026609375 0.3323944734375 0.7738335875
2 0.3222446734375 0.78745899375 0.31903428749999996 0.7851265109375001 0.31169078125 0.7828567875 0.310291284375 0.7870669171875 0.31371314687499996 0.7895530453124999 0.3219719234375 0.7928837328125 0.3229348203125 0.7915584203125 0.3222446734375 0.78745899375
2 0.700157484375 0.7847718078125 0.7004627718750001 0.7885650890625 0.7014956328124999 0.78931550625 0.71093981875 0.789172109375 0.711632275 0.7882190265625 0.7080273187499999 0.7844042734375 0.707830678125 0.7842614046875 0.700157484375 0.7847718078125
2 0.6353436640625 0.9579483906249999 0.6342963578124999 0.960666984375 0.6358750234375 0.9618139515624999 0.6392382671875 0.9622927750000001 0.6419266234375 0.9585925703125 0.6420784109375 0.958243003125 0.6353436640625 0.9579483906249999
2 0.5098207171875 0.8522501296874999 0.5113623484375001 0.8539679921875001 0.513634465625 0.8556187812499999 0.5210216171875001 0.8538590890625001 0.5214156296875 0.8533167781250001 0.5146570984375 0.84840641875 0.5098207171875 0.8522501296874999
2 0.65596413125 0.9840123421875001 0.6564141296875 0.9844619109374999 0.6599121125 0.98700334375 0.662743890625 0.9831057359375001 0.6622599250000001 0.9815355218749999 0.65596413125 0.9840123421875001