3 0.42550705781250003 0.03493099375 0.42954451093749996 0.03346148125 0.4269893484375 0.023529790624999998 0.4230278765625 0.0244352703125 0.42392169375 0.030575240625 0.42550705781250003 0.03493099375
3 0.41186782343750006 0.088679021875 0.39830042187500003 0.106371596875 0.3991457140625 0.1086940171875 0.40343421875 0.1111387390625 0.403803525 0.111004321875 0.41758133906249995 0.090622321875 0.41186782343750006 0.088679021875
3 0.21518867031250002 0.12407885 0.21594933749999998 0.1261687671875 0.2220002015625 0.1239664328125 0.22129479375 0.113444621875 0.2193708140625 0.10815853125 0.2135609375 0.111992615625 0.21518867031250002 0.12407885
3 0.3667789859375 0.1385467171875 0.3667164234375 0.1383748265625 0.35674951093749996 0.14014549375000002 0.342195671875 0.1443698984375 0.34219693906250004 0.148671653125 0.3427215015625 0.1501128734375 0.35864579218750003 0.1453554828125 0.3605346984375 0.1450434421875 0.36564996562499996 0.1431816375 0.3667789859375 0.1385467171875
3 0.1464692734375 0.2596334109375 0.1386654578125 0.26103482499999997 0.13948667343750001 0.2632911 0.1425933578125 0.267599825 0.14849954999999998 0.265450146875 0.1479901125 0.263811884375 0.1464692734375 0.2596334109375
3 0.714894775 0.5676264 0.696327865625 0.5871303828125 0.6967030453125 0.5881611828125 0.700639090625 0.5899255640625001 0.7060643671875 0.587950925 0.721642625 0.5724115109375 0.714894775 0.5676264
1 0.655804490625 0.596562365625 0.6548836328125 0.589120021875 0.6490830515625 0.5839901328125 0.6441734390625 0.5822906156250001 0.6365662515625 0.58398664375 0.631428815625 0.58853841875 0.628998234375 0.5940184078125 0.6292883140625001 0.59481539375 0.6348202953125 0.601786278125 0.6407497078125 0.603409628125 0.6530233625 0.598942384375 0.655804490625 0.596562365625
17 0.49317090312499995 0.540970846875 0.4882313984375 0.5352593609375 0.47903606249999997 0.5383393875 0.47909656875 0.5385056265625 0.4840429734375 0.545365903125 0.4875312453125 0.5461077000000001 0.49367797968750005 0.543870471875 0.49317090312499995 0.540970846875
17 0.48480894531249996 0.63847085625 0.47668458906250005 0.6387459796875 0.476975675 0.6523177234374999 0.47393332031249996 0.6547659984374999 0.470889228125 0.651314728125 0.47157704687499996 0.6473097234375 0.46886954375 0.6520288828125 0.470627103125 0.6568577375 0.47071896874999997 0.6569818671875 0.4840390015625 0.652133771875 0.47993183281249996 0.649632628125 0.48480894531249996 0.63847085625
28 0.8481740453125 0.4913322328125 0.85203416875 0.4899272625 0.8560527296875 0.4879014265625 0.8527917 0.48466321093750003 0.8502625546875 0.48558374375 0.8390028718749999 0.49030319375 0.83966299375 0.4921168625 0.840810203125 0.4931810625 0.8481740453125 0.4913322328125
28 0.7465571093750001 0.5213716546875 0.7491333796874999 0.4960286796875 0.7412385859375 0.49595206249999996 0.7394090453125 0.5223641953125 0.7465571093750001 0.5213716546875
28 0.663250315625 0.32021808906250004 0.660176334375 0.3127548484375 0.6501002625 0.3145449078125 0.6471458421875 0.323129546875 0.645229915625 0.3279603671875 0.6455892140625 0.3289475296875 0.650476671875 0.3254036953125 0.6573898890625001 0.32632032187500004 0.659852796875 0.325423896875 0.663250315625 0.32021808906250004
3 0.6144875937500001 0.1658329796875 0.6161250968750001 0.1703319796875 0.61667593125 0.1708383640625 0.6372256734375 0.15263127031249998 0.6324013859375001 0.14821879843750002 0.6144875937500001 0.1658329796875