4 0.5025839109375 0.6010392578125 0.484192384375 0.6046644953125 0.45109748749999995 0.6135585328125 0.4417682734375 0.616541625 0.42613882968750005 0.6242676015625 0.4256023421875 0.630861540625 0.43002622500000004 0.6482414171875 0.4319980421875 0.64843853125 0.4375261234375 0.64746378125 0.4408072359375 0.6438553921875 0.461936221875 0.6384093671875 0.4909179984375 0.6254616562499999 0.501434803125 0.6215045328125 0.5040688125 0.6229516562499999 0.49928306874999995 0.6285744390625 0.521695025 0.62462260625 0.55106639375 0.6158116578125 0.5683737765625 0.6098925421875 0.579296303125 0.59859990625 0.5941341640625 0.5929555078125001 0.59365701875 0.5902494859375 0.5874267515625 0.5811090906249999 0.5778687125 0.58279443125 0.5706477859375 0.5861704046875 0.5547022 0.5843942703125 0.5402330359375 0.58713673125 0.5247370390625 0.5936922359375 0.5163285203125 0.5980422421875 0.5025839109375 0.6010392578125
3 0.5081654734375001 0.5049066234375 0.5195504468750001 0.5028991453125 0.5189851015625 0.49969291406250005 0.498369009375 0.5018741921875 0.49823015000000004 0.5018986765625 0.496909728125 0.5059450859375 0.5081654734375001 0.5049066234375
3 0.5672973156250001 0.5432824953125001 0.568184 0.5466816718749999 0.5726550765625 0.5458933 0.5896171484375 0.540344003125 0.5892189734375 0.5380858421875 0.5883282359375 0.5372802921875001 0.5672973156250001 0.5432824953125001
3 0.8013155703124999 0.354349890625 0.820715153125 0.348286746875 0.8206507484375001 0.34792148749999996 0.8185275734375 0.34596255 0.799242665625 0.35223035625 0.8013155703124999 0.354349890625
3 0.618182390625 0.4019337796875 0.6208263765625001 0.40253805312499996 0.622821196875 0.40218631250000003 0.62727246875 0.39397478124999996 0.6271133718749999 0.3930725015625 0.6218513031249999 0.3938317234375 0.618182390625 0.4019337796875
3 0.2993803921875 0.6781690171875 0.2995842984375 0.67710559375 0.29935563125 0.675808759375 0.27117178124999997 0.6788992687500001 0.270000534375 0.683349478125 0.2993803921875 0.6781690171875
3 0.5643412046875 0.8012159140625 0.5505552875 0.812105446875 0.5530051359375 0.814320996875 0.5592355484375 0.8132224078125001 0.5648283125 0.8082506265625 0.5692649375000001 0.8028401890625 0.5690506984375 0.8016251859375 0.5650388296875 0.801092903125 0.5643412046875 0.8012159140625
3 0.91591895 0.29182959531249997 0.9197668890624999 0.2927090296875 0.9223860578125 0.2922471984375 0.9259651546875001 0.28832940156250003 0.9256610578125001 0.2866047828125 0.9233087062499999 0.285556496875 0.91591895 0.29182959531249997
3 0.8956280953125001 0.1287853171875 0.9033983093750001 0.124354153125 0.903331159375 0.12397331874999999 0.8938946453125001 0.126787528125 0.8945722375 0.12897149375 0.8956280953125001 0.1287853171875
3 0.8863469203125 0.16586236875 0.8932338156249999 0.1656993875 0.9000697687500001 0.1644940234375 0.9008358718749999 0.16381031875000002 0.9006935281249999 0.1630030453125 0.8879975468750001 0.163659746875 0.8863469203125 0.16586236875
3 0.7414410828125 0.19563775 0.7410904390625 0.1936491515625 0.7298836640624999 0.1971021625 0.73006413125 0.19764381250000002 0.7414410828125 0.19563775
3 0.751489984375 0.2049720859375 0.753819159375 0.2028507578125 0.7536100515624999 0.2016648515625 0.7504018921875 0.201713559375 0.7450428875 0.2061088828125 0.751489984375 0.2049720859375
3 0.3754202484375 0.32840107343749997 0.3833302203125 0.3270063328125 0.3912241078125 0.325518846875 0.39139929375000004 0.32500065624999996 0.391061703125 0.3230860828125 0.37504431562499996 0.326269053125 0.3754202484375 0.32840107343749997
3 0.40979919843749996 0.3080597 0.4166197859375 0.3060677578125 0.416121259375 0.30324047187500003 0.40096754062500006 0.308575153125 0.40168457812499997 0.3094905265625 0.40979919843749996 0.3080597
3 0.5870141546875 0.2736387140625 0.601997403125 0.268628915625 0.6015093359375 0.265860953125 0.5855469281250001 0.2701507453125 0.58651064375 0.273727496875 0.5870141546875 0.2736387140625
3 0.5484791125 0.2631624359375 0.5535552171875 0.2684321984375 0.5576700484375 0.26770664375000003 0.5588997671875 0.26715820625000003 0.558553028125 0.2651917515625 0.5549727953125 0.261443953125 0.5484791125 0.2631624359375
3 0.445299028125 0.295415475 0.4455164984375 0.2954153609375 0.4506317 0.2945134125 0.450084771875 0.2897926921875 0.4463612390625 0.2898757796875 0.445299028125 0.295415475
3 0.2196440515625 0.38376800312500003 0.22183539375 0.38562770468749996 0.22531922031249998 0.3850134125 0.23473645625 0.381319834375 0.23470145625 0.3811213390625 0.2331271421875 0.3792878421875 0.2196440515625 0.38376800312500003
3 0.045443265625 0.5292168015625001 0.0467476203125 0.530735896875 0.0480254421875 0.5305105828125 0.0581179046875 0.5224222734375 0.05806756875 0.5221368 0.054382890625 0.5220969484375 0.045443265625 0.5292168015625001
3 0.11874994999999999 0.5342882999999999 0.1156475203125 0.5378938546875001 0.1199621609375 0.539235796875 0.124805971875 0.5391845609375 0.125807915625 0.539007890625 0.126015965625 0.538570075 0.1256909578125 0.5367268640625 0.11874994999999999 0.5342882999999999
3 0.3917998140625 0.6682193953125 0.39660863125 0.667371471875 0.40564371250000003 0.663838096875 0.40733013281249997 0.6582970625 0.40731337500000003 0.658202025 0.38985888750000003 0.664900975 0.3917998140625 0.6682193953125
3 0.5328477359375 0.7222810875000001 0.532892909375 0.7225372703125 0.540090278125 0.7212681812499999 0.550333603125 0.7134714203125 0.5499830390625 0.7114832718749999 0.5479184484374999 0.7078449640625 0.5328477359375 0.7222810875000001
28 0.6944472421875 0.32426699375 0.6947594296874999 0.32603749843749996 0.7049381921875 0.3242427078125 0.705390865625 0.3241157328125 0.705144971875 0.32272119843749997 0.70361300625 0.3203569375 0.6944472421875 0.32426699375
3 0.2413787234375 0.58368040625 0.243948971875 0.5775358671874999 0.24375669218749998 0.5764453984375 0.23778191718750002 0.5771557859375 0.232985146875 0.5851604203125 0.2413787234375 0.58368040625
3 0.034350525 0.5102792796875 0.0396566171875 0.5095348296875 0.036793776562500005 0.5067899515625001 0.038731803125000006 0.50245901875 0.038727746875 0.5024360109375 0.0341951453125 0.5036161765625 0.034350525 0.5102792796875