25 0.7095534265625 0.435623628125 0.75754314375 0.442066021875 0.77573563125 0.444573475 0.791730790625 0.45179310624999997 0.8289794515625 0.4564936546875 0.8355544890625 0.444102134375 0.8455334765625 0.43568823593749995 0.855262675 0.4086725875 0.8613296671875 0.3895105703125 0.8592000921875 0.3576821859375 0.85849729375 0.341418884375 0.8474514109375001 0.3119663453125 0.8442887906250001 0.297902484375 0.8370405953125 0.2761966765625 0.8300464218749999 0.25787611718750003 0.8163840703125 0.23198417187499998 0.7984540875 0.20242896250000003 0.789448871875 0.1991858953125 0.7852786125 0.20026903125 0.774634928125 0.2032735890625 0.7730006781250001 0.25342570625 0.7620775640625 0.2556625421875 0.7562264984375 0.2673558453125 0.748461775 0.26931254843749997 0.740616609375 0.26477783125 0.7345072890625 0.2587418921875 0.728596959375 0.24698225625 0.724905115625 0.24310941874999997 0.7230972999999999 0.2372467125 0.7188296671875001 0.2335834453125 0.71897361875 0.21875080468750002 0.7261879546875 0.21438615 0.7311499312499999 0.20562472656250003 0.7406505 0.202166803125 0.7435548640625 0.198501421875 0.7528733796875 0.199022178125 0.7589191953125 0.19682168125 0.7646686484375 0.195598478125 0.7663325203125 0.1867333296875 0.7601300546875 0.1902949796875 0.7559301625 0.17965164843749998 0.7494948453125 0.162866534375 0.739401559375 0.1387185484375 0.729545359375 0.119700828125 0.7191811046875001 0.12347310781250001 0.7156586093749999 0.131710603125 0.7167424515625 0.13827152812500001 0.7246172484375 0.1545327140625 0.7387664828125 0.174596175 0.733542015625 0.18084485625 0.7273649515625 0.18178898593749998 0.7180464375 0.181268228125 0.689265303125 0.19087427968749998 0.68385878125 0.20110164218749998 0.6755733015625001 0.212376859375 0.65503106875 0.2302867359375 0.64945943125 0.2427477625 0.63612306875 0.257165490625 0.6160550140625001 0.28533589375 0.60591514375 0.31032745 0.6023841796875 0.3194374515625 0.6091370265625 0.3478442515625 0.6142006046875 0.3581732265625 0.6160261984375001 0.3710718125 0.618990934375 0.37921735624999997 0.6278841203125001 0.39666414843750003 0.651550859375 0.4115246703125 0.6814115968750001 0.42369604531249994 0.7095534265625 0.435623628125
12 0.76151008125 0.2559397296875 0.761835346875 0.23717116093750001 0.7617965437499999 0.2370645515625 0.7578817531250001 0.23074283125 0.7478731328125 0.2274302609375 0.7412345921875 0.2315853453125 0.7381312390625 0.240974421875 0.7341901 0.25715380312499997 0.7349381765625 0.259209128125 0.7409043468750001 0.26561316874999996 0.74809486875 0.2700275203125 0.7556013296875 0.2672953921875 0.76151008125 0.2559397296875
12 0.78715115625 0.19927775 0.788917428125 0.1974122484375 0.7879987046875 0.188617659375 0.7900478468750001 0.1843941296875 0.7898954375 0.1705387796875 0.7833331015625 0.166841290625 0.77675383125 0.16488881875 0.769285471875 0.165868228125 0.7656063265624999 0.17546687656249998 0.7662117515625 0.18698377187499998 0.76478210625 0.195014428125 0.7656194265625 0.1973149484375 0.7721305515625 0.197870903125 0.77437444375 0.20314017343750002 0.7782803609375 0.2025064546875 0.78715115625 0.19927775
12 0.7715190015625 0.1404287875 0.7661251874999999 0.134567140625 0.7562478140625 0.1325109375 0.749905634375 0.1356887296875 0.74787765625 0.1525112390625 0.748548846875 0.15955080625 0.759419575 0.1894178859375 0.7600397453125 0.18919216249999998 0.7653376921875 0.186149915625 0.76501169375 0.1754007390625 0.7691184484375 0.1660811671875 0.7715190015625 0.1404287875
19 0.7619549984375 0.25425086406249997 0.766449625 0.25337026875 0.7723533484375 0.2512214890625 0.7747833203125001 0.20350214218749998 0.7719636359375001 0.1984424421875 0.7652277140625 0.197851121875 0.7587796921875001 0.19715501875000002 0.7528735906249999 0.199739378125 0.742962346875 0.2011732109375 0.7422926609375 0.2291625203125 0.742945825 0.23095707187499998 0.7493129859375001 0.22668340781250002 0.7587542796875 0.22933304062499998 0.76098970625 0.235474825 0.7619549984375 0.25425086406249997
8 0.27560453749999997 0.37404883906249997 0.2649269890625 0.3509829328125 0.20399042656250002 0.3188228859375 0.1820859 0.3483523984375 0.183776253125 0.35299660624999996 0.1944517390625 0.37054784375 0.2495092203125 0.40327729999999995 0.25013079843749997 0.40305106406249996 0.27560453749999997 0.37404883906249997
20 0.29293378125 0.4024370515625 0.29601265 0.3969312640625 0.3097646640625 0.3963111125 0.3122620296875 0.3954021453125 0.31116529531250003 0.38750373437499996 0.3158732453125 0.375357065625 0.32110618125 0.368235875 0.29188474062499997 0.3640913640625 0.2855510265625 0.366396646875 0.2801676140625 0.3655141125 0.27861324062500004 0.366079859375 0.2654749140625 0.394724059375 0.2663068328125 0.3970097359375 0.2919816359375 0.40278360468749996 0.29293378125 0.4024370515625
20 0.0785648578125 0.24106986406250003 0.072586784375 0.23629029375 0.056612571874999996 0.245744815625 0.0573757921875 0.2478417484375 0.064395453125 0.25282931406250003 0.070461309375 0.250621521875 0.07779854375 0.246130625 0.0785648578125 0.24106986406250003
20 0.2009424578125 0.410999225 0.1946002765625 0.414177015625 0.1935291328125 0.42108757812500003 0.1982497796875 0.42241239375 0.195483646875 0.4308468515625 0.1956147875 0.43120715781249996 0.197562471875 0.430498259375 0.2158199046875 0.4151479671875 0.20976139218749998 0.403876978125 0.203740978125 0.40345994999999996 0.2009424578125 0.410999225
1 0.1885113796875 0.258423871875 0.1842098734375 0.2582506390625 0.1806363640625 0.2621378328125 0.181462075 0.2644064546875 0.1827026515625 0.265754634375 0.18936469843749998 0.267204228125 0.189426275 0.267181815625 0.1885113796875 0.258423871875
1 0.160805465625 0.25866718125 0.156808790625 0.2566441453125 0.1513303 0.2595075796875 0.15117629531250001 0.26342895781250003 0.15157414687499998 0.26452204687499997 0.1558108203125 0.26611461875 0.1574146375 0.2655308765625 0.160187334375 0.26323929375 0.160805465625 0.25866718125
1 0.3909561625 0.145583184375 0.392033715625 0.1485437375 0.3983500671875 0.1462447734375 0.39872089375 0.14067045625000002 0.3931280921875 0.1405325046875 0.3903719109375 0.1437092375 0.3909561625 0.145583184375
1 0.5554523875 0.2671716140625 0.5523448046875 0.26221669687500004 0.5461677421875 0.26316082343749997 0.5433839609375 0.26742623593750003 0.5456080375 0.273536834375 0.5457654109375001 0.273832753125 0.548868609375 0.27270328125 0.5534117109375 0.2705226375 0.5554523875 0.2671716140625
1 0.4890536140625 0.28866530468749996 0.483172915625 0.2886321375 0.4809203765625 0.29225205781249997 0.48347039531249997 0.29925817499999996 0.48381120468749994 0.29970779687500004 0.4914891359375 0.2969132578125 0.49299948125000004 0.295923390625 0.4890536140625 0.28866530468749996
1 0.3661184109375 0.34190870156250003 0.3608135046875 0.34166596562499996 0.3574730625 0.345924778125 0.35747962499999997 0.345987596875 0.3593980328125 0.351258378125 0.36290109843749996 0.352029365625 0.36709286093750004 0.3505036875 0.36834536875 0.34892299375 0.3661184109375 0.34190870156250003