3 0.497694784375 0.13336037812499998 0.47161542812499996 0.137911553125 0.418528378125 0.18328275 0.371625671875 0.22966495937500003 0.37190694375 0.2302416515625 0.38023672343750003 0.2337953375 0.395657653125 0.2371654828125 0.41061974062499995 0.23762813125 0.416563140625 0.2347293421875 0.513621596875 0.1423484046875 0.497694784375 0.13336037812499998
1 0.5531669875 0.5262009984375 0.5758174296874999 0.5069850640625 0.5888422328125 0.49246386875 0.597405334375 0.46650449375 0.59241381875 0.4509262609375 0.5844782546875 0.4407635 0.551541525 0.4396528625 0.528033628125 0.44336875468750003 0.5033918578125001 0.45392119375 0.4813322828125 0.46824102968750003 0.46496936875 0.48355252968749995 0.4524397140625 0.4990889296875 0.44582366875 0.5065449921875 0.44739720937499994 0.509771228125 0.449623590625 0.5124011328125 0.45801181093750004 0.5288360890625 0.475501225 0.5387375921875 0.5002816578125 0.5406845625 0.5314507046875 0.5351171328125 0.5531669875 0.5262009984375
28 0.7767342937499999 0.21871590312500003 0.7761583546875 0.23928367499999997 0.77669441875 0.24038276718749998 0.81739206875 0.2408911125 0.8212501140624999 0.23900941874999998 0.8293300125 0.232649434375 0.8347444328125 0.2300086453125 0.8353534093749999 0.197665675 0.7767342937499999 0.21871590312500003
17 0 0.5367410828125 0.0024038828125 0.5358194187499999 0.00459754375 0.5347494984375001 0.005408953125 0.5322697140625 0 0.5333022703125 0 0.5367410828125
17 0.086676415625 0.591053790625 0.08237730625 0.5906371984375001 0.08086789531250001 0.5923282921874999 0.0819761265625 0.5946005046875 0.092554228125 0.599287875 0.0940235703125 0.59542946875 0.08938899375 0.5920347359375 0.09590799375 0.5817338859375 0.09108980625 0.5817799156250001 0.086676415625 0.591053790625
17 0.0989551078125 0.64723423125 0.10176408125 0.64903318125 0.10437244999999999 0.6477609953125001 0.1168363984375 0.6335447624999999 0.1061857984375 0.6330842390625 0.09443976093749999 0.637976396875 0.0989551078125 0.64723423125
17 0.10068799531249999 0.73931810625 0.07073588125 0.7533354796875 0.07275136875 0.75746784375 0.077342690625 0.754055584375 0.094352609375 0.7461781921874999 0.1059711484375 0.744333928125 0.10652459375000001 0.74406399375 0.10827198906249999 0.7395987078124999 0.10068799531249999 0.73931810625
17 0.1036521953125 0.79323018125 0.11000905624999999 0.795575453125 0.111411975 0.7984518640625 0.10635694843750002 0.802592971875 0.102334709375 0.80350749375 0.09702137499999999 0.8025383187499999 0.0942556703125 0.8051225265624999 0.0942960890625 0.805205396875 0.10046833125000001 0.8078632499999999 0.1101683171875 0.80313225 0.1132753765625 0.799218628125 0.116496296875 0.7951342734375 0.11196280781250001 0.7881295734375 0.1036521953125 0.79323018125
17 0.1527795234375 0.74883726875 0.1522418828125 0.75307905625 0.1480892625 0.75678003125 0.14226221562500002 0.7585748171875 0.14094323749999998 0.76183730625 0.1414620015625 0.762900928125 0.147696328125 0.7639673296875 0.1573128109375 0.7592770578125 0.1609279953125 0.7563827796875 0.163607784375 0.7477128796875 0.1621326109375 0.744688325 0.1527795234375 0.74883726875
17 0.20496908125000002 0.8820625468750001 0.2084998234375 0.8803404890625 0.21744083125000002 0.8711204140625 0.2264355703125 0.8658955828125 0.23288278125 0.860028209375 0.2357443046875 0.8544435375000001 0.243900603125 0.8536072046875001 0.2447151140625 0.8506965328125 0.2393485515625 0.850381671875 0.229205334375 0.8528573312500001 0.228664903125 0.8531209171875 0.219820403125 0.8584400328124999 0.2121167609375 0.8655485593750001 0.20100321875 0.8778808687499999 0.199357540625 0.8816043734375001 0.19983763593749998 0.882588715625 0.20496908125000002 0.8820625468750001
17 0.637278871875 0.8664085203124999 0.6297056140625 0.8707305984374999 0.6315582796875 0.8668946828124999 0.63953879375 0.8611172703125 0.6371216484375 0.8576882765624999 0.6243336828125 0.868114396875 0.618983225 0.874703553125 0.61595665 0.8799498234375 0.6114152625 0.88526571875 0.6116298953125 0.8857057812500001 0.6194944765625 0.882622775 0.6305869984375 0.8847528140625001 0.6395871046875 0.881829325 0.6463644140625 0.8766387531250001 0.6434892421875 0.8646362249999999 0.637278871875 0.8664085203124999
17 0.64555958125 0.7295047203125 0.64255156875 0.7309718265625 0.6442255140625 0.73511249375 0.6457961921875001 0.7383328609375 0.64606121875 0.7382035984375 0.64555958125 0.7295047203125
17 0.6443447609375 0.8173366062499999 0.6466161359375 0.8219936156250001 0.649746359375 0.8215898218750001 0.6550103765624999 0.8190223890624999 0.655068040625 0.8183135484375 0.6502498531249999 0.818359578125 0.6476676578125 0.8145921812499999 0.6443447609375 0.8173366062499999
17 0.8412891953124999 0.7733675921875001 0.8412470781250001 0.772183790625 0.8349781125 0.7723090609375001 0.83428325 0.767830603125 0.8398573546874999 0.763226875 0.8328217359375 0.7633071640625 0.8249716078124999 0.7662981249999999 0.817252046875 0.772643971875 0.8185315640624999 0.7752673703124999 0.8230657125 0.770788353125 0.8291642625 0.7680233421875 0.8303196078124999 0.7703921515625 0.83197546875 0.7760775062499999 0.83743518125 0.7752473203125 0.8412891953124999 0.7733675921875001
17 0.8155674546875 0.779315228125 0.8054936796875 0.780614728125 0.80558875625 0.7808096640625 0.8131664125 0.7827902515625 0.8168985843750001 0.7866251171875 0.8228308562500001 0.7893240875 0.8230124109375 0.7892355375 0.81973618125 0.7825182703125 0.8155674546875 0.779315228125
17 0.7774409437500001 0.061031906250000004 0.783331953125 0.0631854859375 0.7826878578125 0.06873589687500001 0.77232521875 0.0745940046875 0.7728326890624999 0.075634471875 0.773568084375 0.0762523609375 0.7890631078125 0.0686949328125 0.7909398750000001 0.0619882625 0.7859405359375 0.054791873437500006 0.7781675625 0.055650696875 0.7774409437500001 0.061031906250000004
17 0.8052006453124999 0.064520934375 0.7942067515625 0.0694641125 0.797853490625 0.06014525625 0.7923804734375001 0.061139018749999996 0.7896947359375 0.0716647703125 0.7951013296875 0.077405825 0.791441925 0.0817100796875 0.7918898000000001 0.08262835625 0.792372971875 0.08272656874999999 0.799556103125 0.079223121875 0.8004146640625001 0.078375 0.8007818875 0.071493471875 0.8064385156249999 0.06705894531249999 0.8052006453124999 0.064520934375
17 0.2802109484375 0.6134294421875001 0.28856941875 0.6053731796874999 0.2981896890625 0.598377103125 0.2948755078125 0.5976895812499999 0.2882339515625 0.6023950390625 0.2828141625 0.6027344890624999 0.2813819453125 0.5990345640625 0.2797021546875 0.5948270375 0.27608717031249996 0.5942862250000001 0.26845531875 0.596961275 0.26505861249999996 0.5961045515625 0.2586299640625 0.598192759375 0.26307019375 0.6004255781250001 0.26014780000000004 0.607037771875 0.261070403125 0.6089293875 0.2638636859375 0.6119772546875 0.27085144375 0.6148526171875 0.27195893125000004 0.620177078125 0.27738125 0.620747503125 0.27919112031250004 0.6198647703125 0.2802109484375 0.6134294421875001
17 0.30815275 0.7233772078125 0.3080514453125 0.7266407859374999 0.3104367625 0.7315314109375 0.31415573124999996 0.7297175484375 0.3157899703125 0.7230034953125 0.32193638125 0.7172828328125 0.32192564375 0.71268015625 0.3176743921875 0.7093079109375 0.30970170625 0.706703478125 0.300436778125 0.71102840625 0.30074443125 0.7116591890625 0.3082670328125 0.7136867375 0.310990346875 0.7192703593750001 0.306414365625 0.717522653125 0.304767059375 0.7199067968749999 0.30580006718749997 0.7220247765625001 0.30815275 0.7233772078125
17 0.2731247109375 0.704959634375 0.2690174890625 0.716388140625 0.2587338546875 0.7253260187499999 0.25947028906249997 0.7268359328125 0.26542089375 0.723933628125 0.2730450953125 0.7177749578125 0.27810794687499996 0.7052520062500001 0.2745940515625 0.7011012296875 0.26914496250000003 0.70061716875 0.2666320984375 0.7030994781250001 0.2731247109375 0.704959634375
17 0.42312092031250004 0.64851575625 0.42252889531250004 0.65482185 0.42299275312500006 0.6557729 0.43773634375 0.6485819703125 0.4406384671875 0.634922675 0.43965309531249996 0.6329023625 0.430598009375 0.6264372796875 0.42388466406249997 0.635576215625 0.4257295046875 0.64012214375 0.42312092031250004 0.64851575625
17 0.433693321875 0.67094390625 0.4398319046875 0.6736050859375 0.43926496562499995 0.6770233609375 0.43242369687500004 0.6782655656250001 0.42649802187499997 0.6729871328125 0.4215703125 0.674242453125 0.42263553906249995 0.6764264921875001 0.4284600546875 0.680827115625 0.43602149062500006 0.6807102890625 0.442485709375 0.6775574796875 0.44533421874999995 0.6734348359375 0.4353277109375 0.6674239015625 0.433693321875 0.67094390625
17 0.6279622921875 0.50929405625 0.628777075 0.5109646109375 0.6374900578125 0.5144284 0.6433649625 0.5096779625 0.6352565234374999 0.5075586421875 0.6356716046875001 0.49772146250000004 0.6292429578125 0.4998096703125 0.6279622921875 0.50929405625
17 0.5660278421875 0.42220913125 0.5720731640625 0.420098434375 0.573648959375 0.4149314046875 0.5662353828125 0.4172905421875 0.5584970765625 0.4212742171875 0.5526168031250001 0.42372331562500004 0.5447720421875 0.42901561718750003 0.5459645109375 0.42382609687499995 0.555065703125 0.41729264062500004 0.5587524765625 0.4133999765625 0.5522359359375 0.41301764375000005 0.550034609375 0.419955921875 0.5442021953125 0.41944936874999994 0.5426503296875 0.42313857343750005 0.5406207125 0.43001855781250004 0.5417478906250001 0.4323296140625 0.5456319546875 0.4338324765625 0.5568626859375 0.42479422031249997 0.5508813265625 0.4308532859375 0.5522800796875 0.4310402890625 0.560277128125 0.42713986718749997 0.5660278421875 0.42220913125
17 0.3186910421875 0.21295855156250001 0.30925975 0.218815203125 0.2936722328125 0.22310297031249998 0.2957801078125 0.227424753125 0.3133991765625 0.22119473437499998 0.3272930859375 0.2174238375 0.3308003515625 0.2157132296875 0.3307098984375 0.21317063281249998 0.32228209375 0.2149771890625 0.3186910421875 0.21295855156250001
17 0.8106781812499999 0.2815451578125 0.813267209375 0.28316983125 0.8219939734375 0.28036918593750004 0.8256025859375 0.2786091484375 0.8237973859375 0.27427428125 0.810334525 0.2808405578125 0.8106781812499999 0.2815451578125