4 1 0.389014759375 0.985176865625 0.38356132187499997 0.9797563859375 0.38637631093749997 0.9743723578125 0.3911425328125 0.9683664500000001 0.3978127703125 0.96750185 0.3995284859375 0.9664529296875 0.40572996093749997 0.969311590625 0.4095475765625 0.97753778125 0.416954471875 0.9801136796875 0.41803015468750004 0.9864893109375 0.421022365625 1 0.4247097125 1 0.389014759375
4 0.7125831859375 0.307537140625 0.71709295 0.303902140625 0.718232571875 0.29943139531249996 0.71732246875 0.2958635015625 0.713314946875 0.293904171875 0.70634636875 0.29477556250000003 0.699468496875 0.297377684375 0.694048628125 0.297444790625 0.6903305265624999 0.29795701406249997 0.685519021875 0.30330073125 0.69416229375 0.3110831671875 0.6970060046875 0.31110135625 0.699465428125 0.311117084375 0.70602430625 0.3093271140625 0.7125831859375 0.307537140625
3 0.8543495953125 0.6151103484375 0.85788555625 0.612728565625 0.8571938781249999 0.6100169640625001 0.8533876499999999 0.614244209375 0.8543495953125 0.6151103484375
3 0.824202603125 0.5369068640625 0.8239053500000001 0.5372369984375001 0.8267655703125 0.5398123531250001 0.8304802515624999 0.5401681484374999 0.8306628859374999 0.5381338453125 0.8253799921875 0.536675228125 0.824202603125 0.5369068640625
3 0.8439967671874999 0.5406095343749999 0.8492675375 0.5453553578125 0.84994156875 0.5455225078125 0.8510349203124999 0.5443082171875 0.8442511828124999 0.540326978125 0.8439967671874999 0.5406095343749999
3 0.8298619546875001 0.5215748390625 0.8285546968749999 0.520397778125 0.827447678125 0.5216272453124999 0.8263841578125 0.52475106875 0.82840074375 0.5265668109375 0.828474746875 0.5265990890625 0.8298619546875001 0.5215748390625
3 0.8708498468749999 0.5212942046875 0.8685730546875 0.5192441718749999 0.8671952609375 0.5195152359375 0.866760403125 0.5199981953124999 0.867944628125 0.5222238140625 0.8713123828124999 0.525256153125 0.8730353203125001 0.5243613875 0.8708498468749999 0.5212942046875
3 0.886851025 0.505606390625 0.887896540625 0.504445228125 0.8869715875 0.5036123953125 0.8815156249999999 0.4996274203125 0.8807641015625001 0.4997752734375 0.880589846875 0.4999688015625 0.886851025 0.505606390625
3 0.8387351421875 0.471729334375 0.845087309375 0.4754572953125 0.846180659375 0.47424300781250006 0.8397459656249999 0.4706067015625 0.8387351421875 0.471729334375
3 0.9220888734375 0.48657113750000003 0.921053228125 0.48772133906250004 0.921493528125 0.488439965625 0.9247009578125001 0.491327946875 0.9225397890625 0.48648242656249996 0.9220888734375 0.48657113750000003
3 0.775960075 0.44570820468749994 0.775994228125 0.4457389546875 0.7786242609375 0.446595409375 0.7819043125 0.44295254218749996 0.7795325984375 0.441740515625 0.775960075 0.44570820468749994
3 0.769453384375 0.4483559515625 0.7612797015625 0.440996334375 0.7594756734375 0.4429999109375 0.7599337734375 0.4438933625 0.7642454421875 0.44777560781250003 0.7683600328125 0.44957024062500006 0.769453384375 0.4483559515625
3 0.7248344125 0.385733025 0.7194042640625 0.380843696875 0.7181265812500001 0.381507228125 0.7179192984375 0.3817374390625 0.7203005578125 0.3850793921875 0.722808584375 0.3873376296875 0.724670409375 0.38591516875 0.7248344125 0.385733025
3 0.704424159375 0.316117890625 0.7050309921875 0.31638256875000004 0.707611465625 0.3126801015625 0.7070996609375 0.31221926875 0.7050866390625 0.3119252453125 0.7044853 0.3125931 0.7030017375 0.3148371359375 0.704424159375 0.316117890625
3 0.7881678640625001 0.3512221640625 0.7876099765625 0.351040490625 0.7864482921875 0.3523306734375 0.7866838015625001 0.3544414359375 0.787658553125 0.35531910624999996 0.7888046296875 0.35509362968749997 0.7881678640625001 0.3512221640625
3 0.6275110875000001 0.31835178750000004 0.6293794703125 0.3170932671875 0.6244957531249999 0.312695946875 0.623033396875 0.3143200578125 0.6275110875000001 0.31835178750000004
3 0.6360277234375 0.292379384375 0.637080740625 0.293327525 0.6426314171875 0.293859171875 0.64235869375 0.2914148640625 0.636529125 0.2905633890625 0.6360277234375 0.292379384375
3 0.700169375 0.44762657031249997 0.6989101484375 0.4472165125 0.698163025 0.4480462765625 0.697888503125 0.4511040859375 0.6989913234375 0.4520970703125 0.7002594656250001 0.45210518125 0.700169375 0.44762657031249997
3 0.6982689453125001 0.447928640625 0.6988054328125 0.4419528796875 0.697350271875 0.441943571875 0.69610020625 0.443331909375 0.6954827828125001 0.44683541406250005 0.696563309375 0.447808325 0.6981664421875 0.44804248125 0.6982689453125001 0.447928640625
3 0.5909210265625 0.3896814921875 0.5903634171875 0.3903007796875 0.59368915 0.3942077640625 0.5947825015625 0.39299347500000004 0.591139634375 0.389713421875 0.5909210265625 0.3896814921875
3 0.475987965625 0.42158768281250003 0.4751428984375 0.4225262265625 0.47653535625 0.427985103125 0.479148659375 0.4250827359375 0.47736114531249996 0.4215964671875 0.475987965625 0.42158768281250003
3 0.2396680171875 0.26139092656249996 0.2413108640625 0.262870153125 0.2500187640625 0.26358546875 0.25065675625 0.2619611734375 0.24074564999999998 0.26019409375 0.2396680171875 0.26139092656249996
3 0.0558634125 0.4341627609375 0.050980593750000004 0.4359227453125 0.0507858421875 0.436139040625 0.0551556546875 0.4400736375 0.0599616375 0.43785282031249995 0.06123884843750001 0.42910846874999997 0.0573220296875 0.4288798671875 0.0558634125 0.4341627609375
3 0.02301788125 0.4273730234375 0.022808346875 0.42751416249999996 0.0192378703125 0.4314795796875 0.0217950625 0.43947134062500004 0.0231526015625 0.440693675 0.0283896390625 0.43880601406249997 0.02301788125 0.4273730234375
3 0.12268333437500001 0.4819528734375 0.120322715625 0.4798273625 0.1108096578125 0.48169894218750003 0.1110225171875 0.48196618124999996 0.11468479218750001 0.485263709375 0.12268333437500001 0.4819528734375
3 0.6473709203125 0.5464887765625 0.6484168218749999 0.5474305109375 0.655028571875 0.5497970515625 0.65767063125 0.5477784812500001 0.648966528125 0.5447166734375 0.6473709203125 0.5464887765625
3 0.81485010625 0.6433084890625 0.8146041640625 0.6433069171875 0.8126976328125 0.6454243328125 0.8140004781249999 0.6544716796875 0.8149430687500001 0.6553203937500001 0.8173983953124999 0.6532985921875001 0.81485010625 0.6433084890625
3 0.219231121875 0.70399785 0.2168972453125 0.7046668406250001 0.21252870468750001 0.709518596875 0.21046822187499997 0.716583525 0.21368825624999999 0.71948285625 0.2164952921875 0.7180250953125 0.219231121875 0.70399785
3 0.9446269265625 0.3636024296875 0.9445312906250001 0.3635712859375 0.9435870328125 0.364619990625 0.9443424859375 0.3660397828125 0.9472833421875 0.368687740625 0.9476318015625 0.36850677656249997 0.9446269265625 0.3636024296875