0 0.3802263375 0.6760889296875 0.3989199734375 0.6824057234375001 0.40917285625 0.6710636265625001 0.418283584375 0.658511925 0.4131831703125 0.647230190625 0.37750356093750004 0.613643640625 0.3644887125 0.60982041875 0.3488861796875 0.6223550906249999 0.3476237078125 0.6239709796875 0.3471557234375 0.630224640625 0.3405617828125 0.6333215078125 0.373966871875 0.6711984984375 0.3802263375 0.6760889296875
3 0.5038530203125 0.6596547453125 0.5064705593750001 0.657773765625 0.48425372656250004 0.6416850921874999 0.4820601375 0.642628278125 0.5038530203125 0.6596547453125
3 0.2890436328125 0.569516103125 0.28890556875 0.5696928171875 0.3034148734375 0.58827780625 0.31093760625 0.5884446265625 0.294758496875 0.5681900140625 0.2890436328125 0.569516103125
3 0.34267836093750004 0.7470450875 0.33930042031249996 0.751368653125 0.36377890625 0.772295040625 0.3643450359375 0.77273735 0.368692075 0.7698281953125 0.34267836093750004 0.7470450875
23 0.49394307968750006 0.5785471359375001 0.4973452640625 0.5812052140625 0.504753225 0.5820755 0.49746827031249996 0.57448034375 0.4907798609375 0.57591713125 0.49394307968750006 0.5785471359375001
1 0.6354697640625 0.558292053125 0.6328723203125 0.55182114375 0.627688040625 0.5477707406250001 0.6214353406249999 0.5450655875 0.6189983796875 0.5481847546874999 0.620177734375 0.5502706359375 0.6285562890625 0.5568166796875 0.6293025437499999 0.5572807484375 0.6354697640625 0.558292053125
3 0.716245878125 0.367879378125 0.716002178125 0.3681913 0.7166675031249999 0.3698702203125 0.7195211875 0.3720997625 0.7260835671875 0.373142203125 0.716245878125 0.367879378125
3 0.3200697328125 0.8749617187500001 0.3220232890625 0.876488003125 0.329859871875 0.878882871875 0.3347501390625 0.869061621875 0.328942184375 0.8636054984375001 0.3200697328125 0.8749617187500001
3 0 0.6903295890625001 0.003876359375 0.6933581328125 0.0195484109375 0.689581125 0.009547125 0.679229228125 0 0.6838895203125 0 0.6903295890625001
3 0.6773918265625001 0.7957604796875 0.6741058093750001 0.7999663890625001 0.6846195515625 0.8088164015625001 0.694019659375 0.816160571875 0.69567741875 0.81325213125 0.6773918265625001 0.7957604796875
28 0.7128292671875001 0.5155845343750001 0.70418833125 0.5088334953125 0.6981709140625 0.5128344703125001 0.697582959375 0.5135870171875 0.7060907359375 0.520234021875 0.7128292671875001 0.5155845343750001
3 0.459468959375 0.292297059375 0.45609506718750004 0.292252 0.4556079390625 0.2928754953125 0.4593717625 0.3016991015625 0.46202998281249996 0.3037759296875 0.46453965156250004 0.3045073375 0.459468959375 0.292297059375
28 0.011563165625 0.51099383125 0.026100753124999997 0.5223518406250001 0.0313146359375 0.5156783734375 0.019277425 0.504370346875 0.012419706249999999 0.5098975078125 0.011563165625 0.51099383125