7 0.4190419796875 0.4754372328125 0.41893772343749996 0.484046584375 0.4194489078125 0.4922515140625 0.42136137500000004 0.5023825734375 0.4237526765625 0.5113855671875001 0.4250680359375 0.5156050453125001 0.4253581421875 0.5180580046875 0.43258850000000004 0.5187972921874999 0.44255383750000005 0.5193661859375001 0.4494250703125 0.520951528125 0.44650136093750004 0.5247029515625 0.4485349765625 0.527230325 0.447799825 0.5279167640625 0.45020946562499997 0.53060375 0.451337534375 0.5310825875 0.45249939531249994 0.533572753125 0.45404468124999997 0.53481114375 0.45702152656250006 0.5360747390625 0.4596438359375 0.5366053875000001 0.46437863906250004 0.5369510375 0.46651506875 0.53819073125 0.47001898750000004 0.5393452234375 0.47249764843750003 0.5387331984375 0.47483970624999994 0.537397528125 0.4775577875 0.5362214671875 0.47988295000000003 0.53388013125 0.47984915937499995 0.5318688 0.47844788125 0.52994266875 0.47680718437499997 0.5285805703124999 0.4779183578125 0.5280537437499999 0.4822940328125 0.5292454453125 0.48301228749999997 0.5275533421875 0.48605570625 0.5235199015625 0.4877316359375 0.51957165625 0.48903154375 0.5154638 0.4896991125 0.5107547015625 0.4902991015625 0.5020229453125 0.490214625 0.49699462031249997 0.489941415625 0.495547325 0.49052450781249995 0.485809903125 0.4901851578125 0.47301828281249997 0.48972465937500004 0.467830346875 0.48941765937500004 0.464371721875 0.4867686015625 0.46224877031249995 0.4849575078125 0.4581517 0.48254786875000005 0.4554647140625 0.4791467640625 0.45302253593749997 0.4727543703125 0.4503091265625 0.468874428125 0.4489950203125 0.46502827812499997 0.44969224375000005 0.4605328953125 0.44878255781250004 0.45203786093750004 0.44684078437499997 0.447798790625 0.44637272968749997 0.444927209375 0.44581947812499995 0.444055453125 0.4457822703125 0.44217533906249995 0.44498420781250003 0.43843200156249995 0.44439374843749996 0.434944978125 0.44424491875000005 0.4314579546875 0.444096090625 0.42747519843750004 0.4440696671875 0.4235184328125 0.4442433828125 0.42137182968750003 0.44930046093750003 0.4203968984375 0.452381359375 0.42036166406250003 0.4576917015625 0.41959128124999995 0.46368848281249997 0.4190419796875 0.4754372328125
24 0.46477537968749993 0.530998128125 0.46300916875000003 0.5351590609375 0.4634659359375 0.5365136953125 0.4646041421875 0.53759593125 0.4693420375 0.5396070484375 0.47122581874999997 0.5391419078124999 0.47332845937499995 0.5383702703125001 0.4756705171875 0.5370345984375 0.47825199375 0.535134890625 0.47922656249999995 0.5338844171875 0.4790730640625 0.532155103125 0.47830412187500004 0.530830215625 0.47666342500000003 0.5294681171875 0.475279040625 0.5285476515624999 0.47264687812500006 0.5274303640625 0.47028792656249996 0.527760371875 0.46782615781250003 0.5293780640625 0.464988365625 0.5308361406250001 0.46477537968749993 0.530998128125
28 0.24593410625 0.40209043125 0.2425822453125 0.40998691875000004 0.2390078625 0.41945310625000004 0.2364515484375 0.42377651875 0.23884869687500002 0.4247940484375 0.24382714062500002 0.42482707968750005 0.2447157921875 0.42586994999999994 0.245963571875 0.42606677031249995 0.24999845468749998 0.42178851875 0.25179409375 0.4175582578125 0.2549234296875 0.41123146874999994 0.25955686093749997 0.40554313124999997 0.262993196875 0.402674965625 0.2658309875 0.4012168890625 0.2657803015625 0.3981998953125 0.2705672328125 0.3942408671875 0.272752015625 0.3915376203125 0.273320384375 0.390198628125 0.27306423281250003 0.3873128375 0.274381034375 0.3842106453125 0.2756978375 0.3811084546875 0.273767034375 0.37729339687499996 0.277699103125 0.374302828125 0.27079408125 0.370706159375 0.2688280453125 0.37220144374999997 0.2649818953125 0.3728986671875 0.2587767921875 0.373925896875 0.2541954890625 0.3753095609375 0.2503845453125 0.3762505484375 0.2497560703125 0.3777311421875 0.2498183734375 0.381439528125 0.24942401250000001 0.3875959203125 0.2482945015625 0.3944387546875 0.24593410625 0.40209043125
3 0.740700084375 1 0.740821034375 0.9930659046875 0.732985684375 0.9908376453125 0.731237528125 0.9949560421875001 0.731149546875 1 0.740700084375 1
3 0.8853113203125 0.5090880859375 0.887157815625 0.4970911671875 0.8806626078124999 0.49566543750000003 0.8799486078125 0.50681175 0.8853113203125 0.5090880859375
3 0.8345472765625 0.5596256765625001 0.8342220671874999 0.5603918218749999 0.84083185 0.563197509375 0.8478131328125 0.5563656734375 0.847828059375 0.5563305078125 0.8420646453125 0.5532199828125 0.8345472765625 0.5596256765625001
3 0.9642214609374999 0.3202190640625 0.9647721234375 0.3189217828125 0.9527145406249999 0.31323235625 0.951958403125 0.3150137046875 0.9642214609374999 0.3202190640625
3 0.9299449828125 0.3188871125 0.9273727296875001 0.3249469625 0.9289426125 0.3256133375 0.9308433046875001 0.3261538671875 0.935459840625 0.31945986406250004 0.9311869796875 0.31698048125 0.9299449828125 0.3188871125
3 0.9322289078124999 0.341498915625 0.9319216546875 0.342222759375 0.9323359171875 0.34572552968750003 0.9394064953125 0.3487268125 0.941348840625 0.3460066375 0.9322289078124999 0.341498915625
3 0.9001762609374999 0.3728130796875 0.9024010765625 0.363572828125 0.902264759375 0.36351496562499996 0.897788178125 0.3626524875 0.89523676875 0.36866323125 0.8948075890625 0.3705342125 0.9001762609374999 0.3728130796875
3 0.920275403125 0.4624056484375 0.9190107296875001 0.4612031640625 0.9185298734374999 0.46174791875 0.91773091875 0.4636301359375 0.9245816375 0.47143932812499995 0.9264864015625 0.47224785156250004 0.9291281234375001 0.4708230390625 0.920275403125 0.4624056484375
3 0.8193976515625 0.32738875 0.8327882828125001 0.337269053125 0.8354894671875 0.33508732812500003 0.8204478 0.32491475625 0.8193976515625 0.32738875
3 0.8743463546875001 0.2690556515625 0.8601477734375 0.26737770156249996 0.859652975 0.26854337500000003 0.8598964375 0.26914596562500004 0.8641361 0.2709455953125 0.8739013078125 0.2721950515625 0.8743463546875001 0.2690556515625
3 0.8085375906250001 0.22158431093750003 0.8063687609375 0.22211983281249997 0.8060769703125 0.22280725 0.8120130359375001 0.2284514109375 0.8151565890624999 0.2297857703125 0.8163650562500001 0.22823518125 0.8085375906250001 0.22158431093750003
3 0.7590214765625001 0.17370650468749999 0.7747439468749999 0.18038029687499998 0.7751749 0.1793650328125 0.760373390625 0.172416503125 0.759474875 0.1726383625 0.7590214765625001 0.17370650468749999
3 0.8231914296875 0.18057577656249998 0.823975590625 0.1798435734375 0.8146778250000001 0.1745655828125 0.8138159171874999 0.1765961078125 0.8231914296875 0.18057577656249998
3 0.7980236890625 0.133547559375 0.7961087921875001 0.1343212265625 0.7956100796875 0.13549611875 0.80287461875 0.14139791562499998 0.803686821875 0.1417426765625 0.8063637781249999 0.141081690625 0.7980236890625 0.133547559375
3 0.7638398265624999 0.16643250468749998 0.764073146875 0.169061059375 0.7668406765625 0.17023580625 0.7776160812499999 0.17161451562500002 0.7778217093750001 0.169039153125 0.774574103125 0.1683262875 0.7638398265624999 0.16643250468749998
3 0.792773375 0.1469619890625 0.7903958656250001 0.1477800375 0.7893459640625 0.15025345 0.7909424390625001 0.1516099484375 0.79965865625 0.15530976406250002 0.7998825828125 0.155304965625 0.792773375 0.1469619890625
3 0.784233890625 0.133485396875 0.7882479390625 0.13518925937499998 0.7911893734375 0.1354559734375 0.7871221421875 0.130401225 0.7813789796874999 0.1292947203125 0.784233890625 0.133485396875
3 0.6402487578125 0.18159137187500002 0.6398497265625 0.18253143125 0.6446377578125 0.18456382968750001 0.644936321875 0.18455743125 0.6510569484375 0.178501875 0.6467840875 0.17602249375 0.6402487578125 0.18159137187500002
3 0.6778056218749999 0.1650933875 0.674665828125 0.163760625 0.6647455843750001 0.1638696 0.6643440609375 0.1648155328125 0.66480934375 0.16596715 0.6677047203125 0.167196165625 0.6767491875 0.16758219218749998 0.6778056218749999 0.1650933875
3 0.682208609375 0.14476251874999999 0.671781075 0.14329611250000002 0.671277440625 0.1444826 0.6729434796875 0.14735319062500002 0.6733696421875 0.14753408750000002 0.682755028125 0.14765710781250002 0.682208609375 0.14476251874999999
3 0.6043111140625 0.14431443125 0.595353225 0.14739664531250002 0.5948461578125 0.148591221875 0.597951065625 0.1509340203125 0.606361625 0.14784746875000002 0.6070798796875 0.14615536406250001 0.6043111140625 0.14431443125
3 0.5208748140624999 0.1748316421875 0.51838505625 0.1727646609375 0.5172587578125001 0.175418053125 0.5197935296875 0.1824937421875 0.521714140625 0.18330899218750002 0.5242575828125 0.18358982343750002 0.5208748140624999 0.1748316421875
3 0.33275872500000003 0.4823298171875 0.32818906718749996 0.48087635625 0.32623323593750003 0.4854840078125 0.33074223593749996 0.5011441796875 0.3317378828125 0.5015668062499999 0.3368230734375 0.5020279046875 0.33275872500000003 0.4823298171875
3 0.245583390625 0.3970988703125 0.238780790625 0.3942113375 0.2311403 0.4015925828125 0.2300774515625 0.4040964953125 0.237212490625 0.40712513906250003 0.245583390625 0.3970988703125
3 0.3995573078125 0.5205692125 0.3953695671875 0.52255469375 0.3952486375 0.5228395859375 0.4047845296875 0.53427070625 0.407256396875 0.5353199531249999 0.4129223046875 0.5309019515625 0.3995573078125 0.5205692125
3 0.314200534375 0.44057013593749994 0.31132310625000004 0.44063180312499994 0.310404934375 0.44279487656249994 0.313739040625 0.45318823750000004 0.31780783281249997 0.4549153375 0.3193268125 0.4494027328125 0.314200534375 0.44057013593749994
3 0.2928952546875 0.4908537078125 0.29134849375 0.4916879515625 0.2904100234375 0.49389885 0.29505695 0.49957617968749995 0.2954902703125 0.4997601125 0.2997312546875 0.49774938906250005 0.2928952546875 0.4908537078125
3 0.58042695 0.1225770453125 0.5781434921875 0.1279565328125 0.57780226875 0.1290348390625 0.580951465625 0.13037159375000001 0.5836748515625 0.12395569687500001 0.58042695 0.1225770453125
3 0.57576750625 0.134494921875 0.5732366296875 0.13551746250000002 0.572956809375 0.136176678125 0.5780550265625 0.14102419375 0.58128130625 0.14239366874999998 0.5835949703125001 0.1411457921875 0.57576750625 0.134494921875
3 0.6571203609375 0.16135540625 0.65100195625 0.16425625 0.65010638125 0.1663660921875 0.6519911984375 0.16716614999999999 0.6581794078125001 0.1651332546875 0.6593765 0.16231308125 0.6571203609375 0.16135540625
3 0.8483726484374999 0.56350275625 0.8415130203125001 0.56320998125 0.841442315625 0.56337655 0.8453477890625001 0.5786939156249999 0.845643234375 0.578819325 0.85035269375 0.5776564765625001 0.8483726484374999 0.56350275625
3 0.977632825 0.3772011078125 0.975221578125 0.37617759375 0.9749048468750001 0.376923765625 0.9766685984375 0.3832154546875 0.97722135625 0.38345008593749996 0.979477709375 0.38330950937499997 0.977632825 0.3772011078125
3 0.8776081328125 0.3995952640625 0.8678045234375 0.39729933125 0.8669372046875001 0.3993426046875 0.8669294937500001 0.399439178125 0.867968259375 0.3998801078125 0.876889878125 0.40128736875 0.8776081328125 0.3995952640625