3 0.6425088062500001 0.245246384375 0.6511166125 0.24243220937499999 0.6514470765625 0.24188222499999998 0.608765325 0.1915886734375 0.559834646875 0.1417632875 0.5342511921875001 0.13495646562500002 0.517601628125 0.1425221765625 0.6062392187500001 0.243010778125 0.6119073546875 0.2464165390625 0.6268528296875 0.24725968125 0.6425088062500001 0.245246384375
1 0.4122149015625 0.44305860625 0.40588464843749994 0.45814252031249997 0.41215265624999997 0.484749434375 0.42386229062499997 0.500350559375 0.4447517625 0.5214674875 0.46560831406250003 0.5322423921875 0.49617352031250006 0.540505196875 0.5210293453125 0.5407253921875 0.5393151796875 0.5323858718750001 0.54910388125 0.5167445359375 0.5515510031249999 0.51431868125 0.553399740625 0.511241865625 0.5474587109375 0.5032375484375 0.5363308203125 0.4866682375 0.5213646578125 0.46998888125000005 0.5006370828125 0.45380091875 0.47700878593749996 0.4411409625 0.45391420625 0.4353903609375 0.4210060109375 0.433626146875 0.4122149015625 0.44305860625
28 0.24761543593750002 0.2162069921875 0.24883428749999997 0.195667290625 0.192272884375 0.1695881734375 0.1900606671875 0.20186114375000003 0.195224325 0.20496378124999998 0.20271916874999998 0.21200377499999998 0.20639853125 0.2142145578125 0.2469856203125 0.21725518125 0.24761543593750002 0.2162069921875
17 1 0.578333 0.9995731203125 0.5779929640625 0.9898964875 0.57525336875 0.9904886828125001 0.5777944359375 0.9925807453125 0.5790514734375 1 0.5826664234375001 1 0.578333
17 0.9081881890625001 0.6306737015625 0.9094902390625 0.628506725 0.9081339609375 0.6266905140625 0.9038149015625001 0.626730828125 0.900226578125 0.6171075890625 0.8954307375000001 0.616641803125 0.9010271515625 0.6274716234375 0.8961143406250001 0.6304495078125 0.8972418093750001 0.63442129375 0.9081881890625001 0.6306737015625
17 0.8700663546875 0.6664314921875001 0.8812438484375 0.6816799328125 0.8837314125000001 0.6831746125 0.8866864859374999 0.681627325 0.8919915250000001 0.6727982578125 0.8807165640625 0.6669009828125 0.8700663546875 0.6664314921875001
17 0.9055509984375 0.7897842953125 0.8769345546875 0.7732097625 0.8693549640624999 0.7728283078125 0.8707065343749999 0.7774288984375 0.8712343484374999 0.7777460406250001 0.8826479375 0.780595909375 0.8989065671875001 0.7899258375 0.9031830203125001 0.793725271875 0.9055509984375 0.7897842953125
17 0.856321709375 0.8274357484375001 0.8591743968750001 0.8317852828125 0.8619285390625 0.8359548109375 0.8711792796875001 0.8415132171874999 0.8775596828125 0.8394034234375001 0.8776071703125 0.8393243921875 0.8750772187500001 0.8365089703124999 0.8696996328125 0.8370113703125 0.86577240625 0.835749765625 0.8610975359375 0.8311838421875001 0.8627458125 0.8284406499999999 0.8692828875 0.826658340625 0.861448446875 0.8208528234375001 0.856321709375 0.8274357484375001
17 0.8187856765625 0.7881575859375001 0.8279567812499999 0.7936681421875 0.834260328125 0.7931491562499999 0.8348698171875 0.7921347953125 0.8338402031250001 0.788769765625 0.8281917562500001 0.7864739484375 0.8243774984375 0.78242513125 0.8242116015625 0.7781526265625 0.8152557093749999 0.7732042953125 0.8135225421875001 0.7760887703125 0.8154365015625 0.7849592390625 0.8187856765625 0.7881575859375001
17 0.757242071875 0.9042990921875 0.7606092921875 0.9063223218750001 0.7656753515625 0.907293725 0.7662394124999999 0.9063549703125 0.7649245203125 0.9025022046875 0.7549281015625 0.8892482140625001 0.747873321875 0.8814953203125 0.73952606875 0.875425596875 0.7390106671875001 0.8751159124999999 0.7291218171875 0.8717656343750001 0.7237482328125 0.8716115703125 0.7243059625 0.87458215625 0.7323583328125001 0.8761261734374999 0.7347222312499999 0.8819389937500001 0.7406335328125 0.8883459515625001 0.7491386703125 0.8943348421874999 0.757242071875 0.9042990921875
17 0.331308909375 0.853049584375 0.3252766359375 0.8507427625 0.3213663171875 0.8624490296875 0.3276654484375 0.8682105312499999 0.3363765078125 0.87190730625 0.3476124640625 0.8707521500000001 0.355178415625 0.8745088671874999 0.3554305859375 0.8740891859375 0.351369790625 0.8683977125 0.348811975 0.862907621875 0.3440561609375 0.8558772171875001 0.332225553125 0.8443762250000001 0.3295187484375 0.847581503125 0.336965359375 0.8540324781249999 0.3384766546875 0.8580152671875 0.331308909375 0.853049584375
17 0.3349916625 0.7159450328125 0.33373377656250003 0.7245670875 0.3339865296875 0.72471895625 0.335831903125 0.7216477375 0.3378603625 0.7176687203125 0.3349916625 0.7159450328125
17 0.32547574687499997 0.8005249781250001 0.3225750265625 0.8040529859375001 0.3177791859375 0.8035871984374999 0.31777485156249996 0.8042983671874999 0.3227950703125 0.8073148203124999 0.3258781890625 0.80798989375 0.32854680625 0.8035485703124999 0.32547574687499997 0.8005249781250001
17 0.1398594765625 0.7447905078125 0.1452260578125 0.7460933796875 0.147371128125 0.740573978125 0.1487285328125 0.7383148765625 0.154562890625 0.741600890625 0.1586894125 0.7464580390625 0.16019270624999998 0.743956140625 0.153055596875 0.7369616390625 0.1454960203125 0.733297875 0.138494171875 0.732604696875 0.14364582343750001 0.737676721875 0.14256328125 0.7420775765625 0.13632908906250002 0.74140640625 0.13618395781249998 0.7425820328125 0.1398594765625 0.7447905078125
17 0.17121163125 0.752921375 0.16128944843749998 0.7507488343750001 0.156857421875 0.753576359375 0.1530082109375 0.759982521875 0.1531813578125 0.760086559375 0.15932628437500002 0.7579148906250001 0.16337848593749998 0.7544198984375 0.1710999265625 0.753107284375 0.17121163125 0.752921375
17 0.264404965625 0.0540218203125 0.2651914140625 0.053470375 0.2657876359375 0.052478095312499994 0.2559749984375 0.0457391171875 0.2558171046875 0.040153690625 0.2618733921875 0.038521740625 0.2616185421875 0.0330976796875 0.2539499984375 0.031564665625 0.24834247656250003 0.0382979484375 0.249627578125 0.045142668749999997 0.264404965625 0.0540218203125
17 0.237709484375 0.0469092 0.23747554375000002 0.053796546875 0.2382569203125 0.0547162703125 0.245107371875 0.0588324375 0.245597265625 0.058776709375 0.24612346718749997 0.0579009609375 0.2428531296875 0.0532941484375 0.248739515625 0.04804615625 0.24698137656250002 0.0373263796875 0.24161579843749997 0.0358593953125 0.24443646874999997 0.0454606234375 0.23391523749999998 0.039578075000000004 0.23246087499999998 0.041998540625000004 0.237709484375 0.0469092
17 0.7074054796875 0.6212725453125 0.7020358984375 0.620462021875 0.6958297234375 0.6151956203125 0.69246823125 0.6155916765625 0.7014421468750001 0.6233995921875 0.7090666609375 0.6321536859375 0.7095217328125 0.6386534109374999 0.7112477796875 0.639690525 0.71669918125 0.63959485625 0.7182665109374999 0.6343871812499999 0.7254782843750001 0.6321317828125 0.7285265765625 0.6293389656249999 0.7296105328125 0.6275349578125 0.7272755515625 0.620693221875 0.7318934875 0.618855890625 0.7256713015625 0.6162153359375 0.7222128515625 0.6167727562499999 0.7148431875 0.6134427265625 0.711194825 0.613666415625 0.709154715625 0.6177115265625 0.7074054796875 0.6212725453125
17 0.6714650875 0.74250776875 0.6716486078125 0.7392477796875 0.674110209375 0.7381055453124999 0.67532388125 0.73608565625 0.673890634375 0.7335670140625 0.66917974375 0.734909246875 0.6723793390624999 0.729584225 0.6800500265625 0.728220028125 0.6804114859375 0.7276184609375 0.6715587562499999 0.7225024984374999 0.6633894171875 0.72440215625 0.6588604328125001 0.727391046875 0.6584485859375 0.7319752734375 0.6640730203125 0.7382098609375001 0.665115871875 0.7450408000000001 0.6686626 0.7471718890625 0.6714650875 0.74250776875
17 0.7071109343749999 0.73672668125 0.714169359375 0.743526409375 0.71984436875 0.7469362984375 0.7207095984375 0.745496315625 0.711244084375 0.735696171875 0.7081485515625 0.7239531859375 0.7147785796874999 0.722665975 0.712491625 0.7199741015625001 0.707021084375 0.7199814015625 0.7031587953125 0.723810128125 0.7071109343749999 0.73672668125
17 0.5490769531249999 0.65344320625 0.5631377078125 0.6618917609375 0.563682690625 0.6609847578125 0.5636425296875001 0.6546510624999999 0.561775425 0.6460620375 0.5640094484375 0.6416941953124999 0.5581181609375 0.6320049296875 0.5485340625 0.637656209375 0.5473763578125 0.6395829515625 0.5490769531249999 0.65344320625
17 0.541820278125 0.6818945203125 0.5479851124999999 0.6855987265625 0.5555075921875 0.68637413125 0.561693484375 0.6824978921875 0.5629450078125 0.6804150046874999 0.5581454578125 0.678734984375 0.5517822875 0.683476875 0.545075315625 0.6816431406250001 0.54480845625 0.6781884609375 0.5511556171875001 0.676072421875 0.5498342375 0.672423365625 0.53934191875 0.6775393000000001 0.541820278125 0.6818945203125
17 0.3712654390625 0.488546128125 0.3650432546875 0.48590557343749996 0.3645993890625 0.495741496875 0.35633709375 0.4971460546875 0.361775615625 0.502390446875 0.37075733125 0.49969922499999997 0.37171461250000004 0.498106040625 0.3712654390625 0.488546128125
17 0.46158502500000004 0.42538359375 0.4542313703125 0.41942771562500003 0.44858692656250004 0.4164754359375 0.4412252671875 0.4118324828125 0.4340455140625 0.40883618593750004 0.43516497656249997 0.41412089375 0.4410033359375 0.41675044375 0.446302425 0.42216362500000004 0.45392909687499994 0.42674619218750004 0.455338825 0.42668180937500005 0.44990830937500004 0.420124490625 0.46030856875000004 0.4301071765625 0.46430883593749994 0.428948553125 0.46563314531250005 0.4267445296875 0.4642108828125 0.41971383281249997 0.4629864578125 0.41590341249999996 0.45713208906249997 0.415899709375 0.45554385000000003 0.40879597656250005 0.4490187828125 0.40860890000000005 0.452352259375 0.4128080734375 0.46084939062499997 0.42010989062500004 0.46158502500000004 0.42538359375
17 0.727199271875 0.2462609203125 0.72967579375 0.24213929687500002 0.7145212953125 0.236509303125 0.7056363343750001 0.22985294843749998 0.7018830109375 0.2315509234375 0.693644728125 0.22901670937500002 0.6933330171875001 0.23154174843750003 0.696677846875 0.23355152499999998 0.71019023125 0.23851900625 0.727199271875 0.2462609203125
17 0.1949319140625 0.2510734734375 0.198373396875 0.2531413234375 0.2068228625 0.2566918984375 0.20954363593749997 0.25529905625 0.2099473953125 0.2546270890625 0.197108053125 0.246912434375 0.1949319140625 0.2510734734375