14 0.298604884375 0.33679318281250004 0.2799126265625 0.5296097093750001 0.289867596875 0.5395646796875 0.3250647296875 0.5445624578125 0.514533084375 0.500594921875 0.6313260203125 0.474739996875 0.6335388609375 0.47252715624999997 0.64966526875 0.3569638578125 0.6529515031249999 0.2374129515625 0.642752846875 0.22177501249999998 0.383083746875 0.28664979375 0.3019477765625 0.30659382968750004 0.261719746875 0.3148660734375 0.294072146875 0.33724645625 0.298604884375 0.33679318281250004
7 0.28532736875000003 0.389845453125 0.29401425625 0.381158565625 0.2971459078125 0.3492157109375 0.2834343828125 0.3323312703125 0.2654167578125 0.327911853125 0.2447928109375 0.345816159375 0.25886770625 0.380401684375 0.26674825156250004 0.38828222968750004 0.26898628750000003 0.389953675 0.28532736875000003 0.389845453125
7 0.2687454875 0.4056624359375 0.2736748375 0.3983533984375 0.2703828484375 0.39191682656250004 0.26790409375 0.389438071875 0.2605865625 0.38390530312500004 0.252108934375 0.3736429125 0.25195823906250003 0.37349221718750003 0.17922395468750002 0.42855275156249995 0.1774675203125 0.444927259375 0.18556802187500002 0.45515248125 0.1941571828125 0.46374164375 0.197468215625 0.46674105 0.2130494953125 0.46101847031250004 0.250444565625 0.4236234 0.2687454875 0.4056624359375
7 0.2389002546875 0.43465777968749997 0.2203160390625 0.45460181874999994 0.2131769796875 0.4705797125 0.2246504703125 0.4831863875 0.2273984375 0.4859343546875 0.240543371875 0.492506821875 0.24474087031249997 0.4900940875 0.2486773109375 0.486157646875 0.2700061546875 0.43584762499999996 0.278448375 0.4202663453125 0.286324003125 0.41001103125 0.291140034375 0.40213540156249994 0.2828111328125 0.392446678125 0.28048810625 0.3964694828125 0.2703461109375 0.4062715234375 0.2389002546875 0.43465777968749997
7 0.24769659375000003 0.492322678125 0.2492569 0.49895398125 0.251830596875 0.501527678125 0.262314665625 0.5083005734375 0.276536125 0.5107369187499999 0.2831652515625 0.502408015625 0.294270453125 0.41923231406249994 0.28435509375 0.41384969062500004 0.2784058796875 0.4201388625 0.27002031875 0.43804316718749997 0.24769659375000003 0.492322678125
7 0.169662715625 0.5174085374999999 0.184746665625 0.503684409375 0.20356525468750003 0.4848658203125 0.20331827812499997 0.47355431875000004 0.15918076406249998 0.4262438890625 0.1480189015625 0.4255073203125 0.1181028453125 0.452703734375 0.11300351875 0.4652820765625 0.14536618750000002 0.5011292875 0.1567849640625 0.5125480640625 0.169662715625 0.5174085374999999
7 0.13463574218750002 0.5007623234375 0.1385380328125 0.49686003437500004 0.11070881875000001 0.46324234531249997 0.0528597796875 0.5064733125 0.045720721874999995 0.5210913859375 0.0475904734375 0.5311200640625 0.048433279687500004 0.5323594828125 0.0631655578125 0.5470917609375 0.07943294375 0.542111946875 0.13463574218750002 0.5007623234375
7 0.069205959375 0.580470225 0.0725882484375 0.591869790625 0.08637511875000001 0.6056566609375 0.1579558921875 0.5702499390625 0.17214379062500001 0.5560620390625 0.1729489484375 0.5491376890625 0.1731189265625 0.5384291015625 0.1672263703125 0.5266439890625 0.1594640609375 0.522507865625 0.14943538125 0.5219979343750001 0.0796312515625 0.5591663671875 0.07317210156250001 0.56494560625 0.069205959375 0.580470225
7 0.10876824375000001 0.6376251890625 0.1121196328125 0.6512885546875 0.1212980203125 0.660466940625 0.193077128125 0.6485037546875 0.200919278125 0.6466108234375 0.2129928359375 0.6345372640625 0.217327265625 0.621533978125 0.2173839234375 0.6088989765624999 0.2139277125 0.6004567562500001 0.2059387671875 0.5951874515625 0.1330750390625 0.6088989765624999 0.12077999218749999 0.617454515625 0.114944096875 0.6283897406250001 0.10876824375000001 0.6376251890625
7 0.19443695156250002 0.5828924062499999 0.2079784984375 0.58328901875 0.2267162890625 0.5766196375 0.22889518749999999 0.5744407390624999 0.238347828125 0.55563933125 0.2250329171875 0.489744684375 0.21381439531250002 0.48668508906249996 0.19755320625 0.4917277578125 0.175966053125 0.513654865625 0.1852176984375 0.5763361375 0.18921084531250001 0.5803292843750001 0.19443695156250002 0.5828924062499999
7 0.25319253750000004 0.5033995515624999 0.246393434375 0.5074790140625 0.23653473281249998 0.5166578046875 0.23398507031250002 0.5304259890624999 0.2469816765625 0.589486525 0.251811471875 0.59431631875 0.2552322671875 0.5965472734375 0.27132347968750004 0.5926944484375001 0.2856582546875 0.586178640625 0.299029828125 0.57280706875 0.301692809375 0.5636849374999999 0.295800253125 0.541021259375 0.2863948265625 0.538868209375 0.279085790625 0.5315591734375 0.28197540781249997 0.5018130953125 0.276082853125 0.5104252921875 0.26208803125 0.50912213125 0.25319253750000004 0.5033995515624999
7 0.36530692343750004 0.5591380375 0.3631538734375 0.576929025 0.3682655171875 0.5914460953125 0.36958044375 0.5927610203125 0.3992457828125 0.582651603125 0.444856434375 0.5802152578124999 0.4510322875 0.5764190921875 0.45976347031250003 0.573382159375 0.4623782921875 0.5707673390625 0.4679733875 0.5584581265625 0.47052305156249996 0.5392506578125 0.467803409375 0.5283720921875 0.4573781171875 0.525199178125 0.43579096406250006 0.532168259375 0.382587978125 0.5374375640625 0.37437239375 0.54463328125 0.36530692343750004 0.5591380375
7 0.27909995468750004 0.753790709375 0.296097715625 0.759909903125 0.304996934375 0.756874909375 0.3073870609375 0.7544847828125001 0.35859280937500004 0.6827967359375 0.362218996875 0.66829198125 0.3299799140625 0.6505576515625 0.3152485234375 0.6612095828125 0.263801971875 0.7344132640625001 0.2633621171875 0.7406591953125 0.269977825 0.7472749015625 0.27909995468750004 0.753790709375
7 0.65759755625 0.44693866250000003 0.647795515625 0.44756191406249995 0.6398632281250001 0.456854021875 0.6351605140625 0.473455165625 0.6251884953125 0.4983852140625 0.600315109375 0.5256382859375 0.5975388078125 0.5409929296875 0.5970759515624999 0.5462526515625 0.6047486921874999 0.5539253921875 0.6058677109375 0.5547611140625001 0.6196925531249999 0.5599737593749999 0.6332907609375 0.55725411875 0.642261803125 0.5499828531250001 0.6442521359375 0.54799251875 0.646605671875 0.541559521875 0.6431494625 0.5331173015624999 0.664623296875 0.5051843171875 0.6787880953125 0.48354050312499997 0.68496395 0.468865771875 0.6859271546875 0.4594036859375 0.6744253375 0.4501682359375 0.65759755625 0.44693866250000003
7 0.6826409234375 0.47603316093750003 0.6785048 0.48458870000000004 0.669779284375 0.5007932296875001 0.667966190625 0.5189241734375 0.6747930328125 0.5333716765625 0.6758893359375 0.5344679796875 0.70371814375 0.5379050046875 0.7260985265625 0.533542246875 0.7464391796875 0.53937814375 0.7581676328125 0.5347887484375 0.7625351078125 0.53356585625 0.76489308125 0.5312078828125 0.771539203125 0.5186975375 0.7799814234375 0.51127518125 0.7818511765625 0.5063458328125 0.77811166875 0.502606325 0.780434696875 0.49042459687499995 0.7776583953125 0.479942646875 0.7143134140625 0.46645775624999997 0.6826409234375 0.47603316093750003
7 0.8229999187500001 0.6909273296875 0.8046423390624999 0.6970465234375001 0.7293422656249999 0.7536490609375 0.7219765687499999 0.7657741296875 0.7237896640625 0.782998525 0.73147351875 0.795555071875 0.7390734859375 0.8031550375000001 0.7410707203125 0.8048123171875 0.756991953125 0.8048689765624999 0.8322353671875 0.7486630515625 0.838921153125 0.739937534375 0.846740121875 0.732798478125 0.8454369609375 0.7188036546875 0.8362581703125 0.70418558125 0.8229999187500001 0.6909273296875
24 0.77906779375 0.5104040453125 0.7803072140625 0.506190015625 0.7681821453125 0.5040369671875 0.7608731093750001 0.5103261375 0.759967446875 0.5146897828125 0.76206630625 0.516788640625 0.7702218765625 0.5183150859375 0.77237209375 0.51709974375 0.77906779375 0.5104040453125
24 0.462831565625 0.544647446875 0.4605085390625 0.5418711468749999 0.458752103125 0.548726909375 0.45935410781249997 0.5521618734375 0.461131790625 0.55393955625 0.461627559375 0.5538404015625 0.46307813906249995 0.5523898218750001 0.462831565625 0.544647446875
24 0.1614188015625 0.5361060734375 0.1620075265625 0.5420774203125001 0.164357996875 0.5444278921875 0.1678593125 0.5448785578125 0.16798025 0.5447576203125 0.1712208421875 0.535482821875 0.1614188015625 0.5361060734375
24 0.6161938484375 0.5593930031250001 0.606136840625 0.557381603125 0.6060370125000001 0.55748143125 0.6070792421875 0.560675359375 0.60943949375 0.5630356125 0.61309243125 0.5636842640624999 0.6148056953125 0.561971 0.6161938484375 0.5593930031250001