14 0.29567 0.6373683828125001 0.30097053906250004 0.6325972531249999 0.30728053593750004 0.6265037578125 0.3119334609375 0.6202727765625 0.31335181562500003 0.6154276796875 0.31974138750000003 0.6109950468750001 0.3240469828125 0.60440439375 0.302367390625 0.61352374375 0.2894291015625 0.619067284375 0.2717077765625 0.6212363109375 0.2612333203125 0.6316989171875 0.23932548125 0.6618911359374999 0.23994449062499998 0.6648209046875 0.24097779375 0.6658909234375 0.24816436562500002 0.6655194546875001 0.288736465625 0.647539428125 0.29633107812500004 0.6402053953125 0.29567 0.6373683828125001
3 0.4058783453125 0.7034085906249999 0.406315484375 0.7043939953125 0.40885923437500005 0.707028125 0.41079767812499995 0.705608865625 0.41217799062499993 0.7042759125 0.40969547500000003 0.698679809375 0.4058783453125 0.7034085906249999
3 0.40164286875000005 0.7332949656250001 0.4022506953125 0.7339243890625 0.4097162328125 0.7326579515625 0.40902157656250004 0.7319386125 0.40309955625000005 0.7295944890625 0.40164286875000005 0.7332949656250001
3 0.44990080624999995 0.8090359015624999 0.4499461765625 0.7992175015625 0.443368421875 0.8066121875000001 0.443360275 0.8153520203125 0.44990080624999995 0.8090359015624999
3 0.5548939890625 0.9548336281250001 0.5503011171875001 0.961462221875 0.552092303125 0.96331705 0.561828675 0.96812048125 0.5670586234375 0.963069978125 0.566507959375 0.9624997499999999 0.5548939890625 0.9548336281250001
3 0.5556898953125 0.9718765015624999 0.5513876234375 0.9760311578125 0.55684415 0.9881388953125001 0.565001659375 0.9802612796875 0.5602649921875 0.9683272328125 0.5556898953125 0.9718765015624999
3 0.553290271875 0.972021659375 0.5506903203125 0.9745324046875 0.542964725 0.9825142359375001 0.5513874578125 0.99123623125 0.5557657500000001 0.9870081624999999 0.553290271875 0.972021659375
3 0.5808124859375 0.9842380203125 0.5645745703125 0.9863646968750001 0.562727040625 0.9900747921875 0.564771215625 0.9921915984374999 0.5676389687500001 0.993484128125 0.5768197734375 0.992742096875 0.5787913265625 0.990838190625 0.5808124859375 0.9842380203125
3 0.5086410796874999 0.9521470953125 0.51346525 0.946619596875 0.49375352499999997 0.96363676875 0.49519618125 0.9651306828124999 0.5086410796874999 0.9521470953125
3 0.4640929234375 0.9095413609375 0.46778809062500004 0.90905740625 0.4704159921875 0.9065196703125 0.47171266562499997 0.9032256859375 0.471014515625 0.89382119375 0.4648456546875 0.8976931484374999 0.4640929234375 0.9095413609375
3 0.47434721093750004 0.91654925625 0.47444277343749997 0.9166482140625 0.489838609375 0.9114396906250001 0.49218685000000006 0.9036113671875 0.47500452812500005 0.9118631609375001 0.47434721093750004 0.91654925625
3 0.42010365156249996 0.803056590625 0.422404253125 0.7944923046875 0.41535255 0.8006069734375 0.41206629218749996 0.810818178125 0.42010365156249996 0.803056590625
28 0.1459421546875 0.341581121875 0.14042090625 0.3469129296875 0.140002834375 0.3498934234375 0.1408414421875 0.350761828125 0.1442560453125 0.34772741093750004 0.147742546875 0.3449252890625 0.15028441718750002 0.342470634375 0.1459421546875 0.341581121875
28 0.41686559062499995 0.815393384375 0.42161260624999997 0.8076813749999999 0.4105050546875 0.8135422406249999 0.404118975 0.826660025 0.39970476875 0.8378735921875 0.3954015609375 0.8460451796875 0.395765959375 0.846422525 0.4183234515625 0.830319965625 0.4229438515625 0.82168760625 0.421648625 0.8187679015624999 0.41686559062499995 0.815393384375