17 0.1903755546875 0.298014246875 0.191096834375 0.30090714375 0.207797203125 0.3135905984375 0.21232119218749998 0.3124626421875 0.191661425 0.2939002359375 0.1903755546875 0.298014246875
3 0.798513965625 0.0363475046875 0.7936220484375001 0.0396450453125 0.798681515625 0.076813409375 0.80088761875 0.0856616046875 0.8063060671875 0.086350965625 0.8147013828125 0.08460408750000001 0.8107378453124999 0.0374554484375 0.798513965625 0.0363475046875
3 0.97801781875 0.454822865625 0.940856675 0.3234869921875 0.9362106015625 0.32464538906249996 0.9711729453125001 0.45341270937499994 0.97801781875 0.454822865625
3 0.8687043734375001 0.8097684812500001 0.868622796875 0.80944129375 0.8520352171875001 0.8029155203125 0.8522731765625 0.813245440625 0.8583752546874999 0.8293857484375 0.854300190625 0.8297091562500001 0.850962003125 0.8246542203124999 0.848585503125 0.8453326296875 0.8490417828125001 0.8471626640625001 0.8568615656249999 0.852255878125 0.8585867687500001 0.8518257374999999 0.8654607140625 0.8369694687499999 0.8687043734375001 0.8097684812500001
17 0.3828249 1 0.37998370000000004 0.9500473906250001 0.3673513921875 0.9504265125 0.371054846875 1 0.3828249 1
17 0.4206550625 0.7242953062499999 0.4223715765625 0.7238673312499999 0.4246204546875 0.7201985046875 0.42291334375 0.7133516609375 0.4195190203125 0.71973889375 0.4206550625 0.7242953062499999
17 0.5844966875 0.6926394874999999 0.5845663156249999 0.6970856546875 0.58598685625 0.7027831265625 0.589445071875 0.7031455703125 0.59046720625 0.7028907234374999 0.589790459375 0.6982457703125 0.5844966875 0.6926394874999999
17 0.61160288125 0.6117625109375 0.600202428125 0.5972895484375 0.5920706921875001 0.6109275328125 0.5927588171875 0.61368745 0.60564806875 0.6250303546875 0.6080018500000001 0.624443490625 0.613719075 0.616083203125 0.61160288125 0.6117625109375
17 0.680556171875 0.59767773125 0.6809096890624999 0.5990956093750001 0.6837558765625 0.59911455625 0.6865398484375 0.598420434375 0.6828795640624999 0.5904329203125 0.680556171875 0.59767773125
17 0.8322482046875 0.8637703546875001 0.8271441296875001 0.8573623187500001 0.8242163140625 0.863849678125 0.824663415625 0.8656429046874999 0.8281040828125 0.8690879265625 0.830198790625 0.8685656578125001 0.832351109375 0.8641830781250001 0.8322482046875 0.8637703546875001
17 0.9259210953125001 0.7022541265625 0.9214454921874999 0.6915955375 0.9128869375 0.693729425 0.9211779578125 0.7280246171875 0.927393325 0.742881309375 0.930697459375 0.742057496875 0.9447255999999999 0.7360058640625 0.94692834375 0.732339884375 0.9401759359374999 0.71359125625 0.9259210953125001 0.7022541265625
17 0.2304543796875 0.3610825453125 0.23508415 0.35992821406250003 0.2371385984375 0.3587926265625 0.228340771875 0.35267477187499996 0.22410115312499998 0.35546337031249997 0.2304543796875 0.3610825453125
28 0.6405183640625001 0.5533513828125 0.6358061171875 0.5302846921875 0.631089928125 0.5134525375 0.6343501093749999 0.5129859921875 0.6316642234375001 0.5074221078125001 0.593366765625 0.49757747031250005 0.596459109375 0.5047715562499999 0.6261999796875 0.5136328140625 0.6364452703125 0.5505575281249999 0.6061347046875001 0.5404530765625 0.59507321875 0.5054634046875 0.5910847015625 0.49780014375 0.5914872109375 0.5056648781249999 0.600186659375 0.53847300625 0.57753321875 0.5340782015625 0.5768398578125 0.5369226 0.5770953421875 0.53794729375 0.6088992531249999 0.5504993546875 0.6338875921875 0.5551864328125 0.6390846828125001 0.5538906531250001 0.6405183640625001 0.5533513828125
3 0.8971659109375001 0.4782714390625 0.9081359375 0.47553630468749997 0.9007154734375 0.43260876562500006 0.892484053125 0.43292954687499996 0.8866146718750001 0.4354318734375 0.8869395062500001 0.4372555734375 0.8934969781250001 0.46355615781250004 0.8937682765625 0.46412341250000005 0.8979187156249999 0.4734778421875 0.8968468421875 0.4769917296875 0.8971659109375001 0.4782714390625
3 0.872402415625 0.7593885218749999 0.90806851875 0.7638028625 0.9104591921875 0.7632068015625 0.9104632296874999 0.7568250609375 0.9084335859375001 0.7445177000000001 0.8698063640625 0.740642521875 0.872402415625 0.7593885218749999
3 0.8811467578125001 0.8790482468749999 0.87252489375 0.868531690625 0.8552473640624999 0.8785105890624999 0.85737264375 0.8870346187499999 0.8590584453125001 0.8919664796875001 0.8622942859375 0.89115969375 0.88127976875 0.879581721875 0.8811467578125001 0.8790482468749999
17 0.325933071875 0.6177348453125 0.3230645453125 0.6235224484375 0.3231282546875 0.62377796875 0.32674193281249997 0.6269354453125 0.327743634375 0.6266856921875 0.330575859375 0.62177189375 0.325933071875 0.6177348453125