4 0.481520203125 0.5993685328125 0.46277684687500004 0.5990907359375 0.428555978125 0.6009096015625001 0.41881040937499997 0.6018878546875001 0.4019161859375 0.60619545625 0.40002046562500004 0.612533759375 0.4007341953125 0.6304536203125 0.4026219421875 0.631056390625 0.40823188281249995 0.63125229375 0.41219152187499997 0.6284049375 0.43399108125 0.6274708859375 0.46503151562499995 0.6208317640625001 0.4761412359375 0.6191476796875001 0.4784168125 0.6211108203125 0.47256660625 0.6256157203125 0.49531044062499996 0.626409953125 0.5258718734375 0.6238981953125 0.5440317015625 0.6217068343750001 0.557063415625 0.612931890625 0.5727505703125 0.6104958 0.572846465625 0.6077497078125 0.5686527390625 0.59751370625 0.5589531640625001 0.597174990625 0.5511881265625 0.598975875 0.5359602703124999 0.5939232796875 0.521237103125 0.593597503125 0.5047167640625 0.59678795625 0.49558757499999995 0.599294675 0.481520203125 0.5993685328125
3 0.50696689375 0.5064970984375 0.51852045625 0.5069005578125 0.5186340781250001 0.50364685 0.49801498437499997 0.501494134375 0.49787406875 0.5014892125 0.49574120625000007 0.50517266875 0.50696689375 0.5064970984375
3 0.556827771875 0.5563285687499999 0.5569883515625 0.559837815625 0.5615256359374999 0.5599962625 0.579270809375 0.55809484375 0.5793508328125 0.55580324375 0.57864704375 0.5548301015625 0.556827771875 0.5563285687499999
3 0.8250134625 0.42017972343750004 0.8452497171875001 0.418282475 0.8452626609375 0.4179118078125 0.84359316875 0.41555424375000005 0.82342653125 0.4176755265625 0.8250134625 0.42017972343750004
3 0.6359889359374999 0.4286482625 0.638449509375 0.429789046875 0.64047386875 0.42985973906249997 0.6465351421875 0.4227531203125 0.6465671171875 0.42183748125 0.6412621859375001 0.421486065625 0.6359889359374999 0.4286482625
3 0.266720990625 0.632564434375 0.2671415390625 0.63156664375 0.267187496875 0.63025060625 0.23897697812500002 0.6274138296875 0.236906075 0.6315232749999999 0.266720990625 0.632564434375
3 0.5003088859375 0.8080109125 0.48456016249999995 0.8157962281250001 0.48649583593749995 0.8184727171875 0.492818509375 0.818693509375 0.49932275 0.814993175 0.504787315625 0.8106233953125 0.5048303734374999 0.8093904000000001 0.501016840625 0.8080356343749999 0.5003088859375 0.8080109125
3 0.950111184375 0.3828530296875 0.9536921921875001 0.38451327812499997 0.9563501453125 0.3846060953125 0.9606655859375 0.381518046875 0.960726703125 0.379767890625 0.95864370625 0.37825343125 0.950111184375 0.3828530296875
3 0.9641625453125 0.2191529546875 0.9726842515625 0.21643414062500002 0.9726977484375 0.21604766718750001 0.9628823375 0.21683841718750002 0.9630910515625001 0.2191155375 0.9641625453125 0.2191529546875
3 0.9473754328125 0.2534901203125 0.9541457187500001 0.254762565625 0.9610828984375 0.2550048171875 0.9619744109375 0.254495334375 0.9620030203125 0.25367610625000003 0.949447940625 0.25167881406250003 0.9473754328125 0.2534901203125
3 0.7994454859375 0.25248721875 0.7995159578125001 0.2504691734375 0.78783615625 0.2515167078125 0.7879000640625 0.25208404375 0.7994454859375 0.25248721875
3 0.807334078125 0.2637068609375 0.810053403125 0.2621161515625 0.8100954281250001 0.260912684375 0.8069472484375 0.2602933140625 0.8007915109375 0.2634783890625 0.807334078125 0.2637068609375
3 0.4138200375 0.306249334375 0.421847140625 0.306529646875 0.42987779374999996 0.30671589843749997 0.4301568890625 0.30624545625 0.4302247375 0.30430253125 0.41389559218749994 0.3040857421875 0.4138200375 0.306249334375
3 0.451676934375 0.29350025468749996 0.458762625 0.2929699203125 0.45886281718750005 0.2901007703125 0.44293110156250004 0.2921682390625 0.4434421515625 0.293212690625 0.451676934375 0.29350025468749996
3 0.63217584375 0.29667651093749997 0.64787326875 0.29489138125 0.647971359375 0.29208243125 0.6314658703125 0.292959709375 0.6316648781249999 0.2966586671875 0.63217584375 0.29667651093749997
3 0.5966610265625001 0.2784172796875 0.6005305609375 0.2846272671875 0.604706325 0.28477308749999997 0.6060231968750001 0.2844923078125 0.6060928828125001 0.282496734375 0.6033700984375 0.2780864625 0.5966610265625001 0.2784172796875
3 0.489029890625 0.2885131671875 0.48924263124999995 0.28855826875 0.4944335796875 0.288739540625 0.49488009687499995 0.2840082671875 0.49122065625 0.283315371875 0.489029890625 0.2885131671875
3 0.24993649218749997 0.328018671875 0.2516932953125 0.33029334062500004 0.2552287109375 0.3304168 0.2652080953125 0.32876188906250003 0.2652151296875 0.32856045312500004 0.2640564234375 0.3264397046875 0.24993649218749997 0.328018671875
3 0.04930190625 0.4340706859375 0.05026191875 0.43582777500000003 0.0515586640625 0.435873059375 0.06311223593750001 0.4300598390625 0.063122353125 0.4297701390625 0.0595264796875 0.4289650703125 0.04930190625 0.4340706859375
3 0.11995223906250001 0.4542726765625 0.11616796874999999 0.457154409375 0.12010931875 0.459364090625 0.12485793281249999 0.460321059375 0.12587471249999999 0.460356565625 0.12616924375 0.45997157343749995 0.1262345640625 0.4581010671875 0.11995223906250001 0.4542726765625
3 0.35918946875 0.6420473140625 0.3640694953125 0.6422177296875 0.3736417671875 0.6406400671875 0.37644338125 0.6355707421875 0.37644675 0.6354742984375 0.3579808953125 0.6383978671875 0.35918946875 0.6420473140625
3 0.48591509843749997 0.724253140625 0.48590601875 0.7245131171875 0.4932099671875 0.7247681781249999 0.5048504890625 0.719271503125 0.5049209453125 0.7172539140625 0.50365791875 0.7132658578125 0.48591509843749997 0.724253140625
28 0.7267350484375 0.3685350375 0.72667230625 0.370331759375 0.737001796875 0.3706924734375 0.737470978125 0.3706623875 0.7375203984375001 0.369247203125 0.7365134671875 0.36661609375 0.7267350484375 0.3685350375
3 0.22963208281249997 0.5280814015625 0.23342368750000003 0.5226055203125 0.23346233125000002 0.521498903125 0.22747042187500002 0.5209515421875001 0.22111421406249998 0.5277839515625 0.22963208281249997 0.5280814015625
3 0.0423889015625 0.41324068281250004 0.0477338234375 0.4136157 0.045504234375 0.4103355859375 0.0483003625 0.4065022328125 0.0483011765625 0.4064788828125 0.043622253124999996 0.40669087968750006 0.0423889015625 0.41324068281250004