2 0.45214832656250004 0.8173880546875001 0.4560641453125 0.8132198390625 0.4571875453125 0.8137423265624999 0.4480029375 0.8340044437499999 0.45734695312499996 0.8473375375 0.479307153125 0.836690690625 0.4672781671875 0.8030048656250001 0.46585369375 0.8027992953125 0.4668326484375 0.8017572421875 0.46259025468750004 0.8018234375000001 0.4663721515625 0.7934802140625 0.4673516703125 0.794334890625 0.4686287671875 0.793579446875 0.46909497343749995 0.7950037625 0.47606818281249996 0.7976792453125 0.483464 0.7962074390625 0.4823830578125 0.78677746875 0.48139975156250003 0.786025 0.4822286375 0.7854303296875 0.619326378125 0.7044369796875001 0.7136372125 0.68078194375 0.7294322859375 0.6634884515625 0.771112715625 0.6410436374999999 0.7661114109375 0.6367159671875 0.7405189984375 0.6329374 0.734405771875 0.6255485203125 0.7263490218750001 0.6222502999999999 0.715201059375 0.6157524640625 0.7018823249999999 0.6071138609375 0.6859107375 0.6127098 0.680843734375 0.6235434484375 0.6818368890625 0.637784321875 0.6921209859374999 0.6613766328125 0.620603475 0.703681534375 0.5441055343750001 0.7111927890625 0.5299839546875 0.6855917828125 0.519757603125 0.6848766859375 0.50090884375 0.70510585 0.49602805468750005 0.7018639671875 0.5028101640625 0.6759843390625 0.48956296874999994 0.6758038703125 0.46944365625 0.6885684171875 0.4587985828125 0.67961953125 0.4205034796875 0.7010579625 0.43003780156250004 0.7116695265625 0.402322146875 0.7320919328125 0.4019604359375 0.7372646390625001 0.40286835625000006 0.73781784375 0.40190266093749993 0.7380908625 0.40183595937499994 0.73904474375 0.45214832656250004 0.8173880546875001
2 0.7647455859375001 0.6056422218749999 0.760632459375 0.6123160046875 0.7656635781250001 0.615688565625 0.79342548125 0.6176298671875 0.8018158453125 0.6159416906249999 0.8088275390625 0.6057412734375001 0.8145923625 0.5929873375 0.8146121046875001 0.592705015625 0.7970866765625 0.5887598734374999 0.7676822078125001 0.5735392046875 0.767645965625 0.5735366703125 0.75883763125 0.5858366187499999 0.758283540625 0.5918642375000001 0.7576426625 0.601029228125 0.7647455859375001 0.6056422218749999
2 0.7776687375 0.619760128125 0.7554097484375 0.6157174125 0.739057546875 0.626756409375 0.74202765625 0.6316879078125 0.7660398625 0.634361490625 0.7776687375 0.619760128125
2 0.6789411421875 0.747460103125 0.683952134375 0.74781050625 0.6932868390625 0.7385681171875 0.691964971875 0.729028065625 0.6842542359375 0.7207816125 0.6853811203125 0.7141476296875 0.65440445 0.7020366703125 0.6437790125 0.7022881546875 0.640995953125 0.701200059375 0.6409370765625 0.7020420328125 0.6521160796875 0.71579945625 0.671723384375 0.738800603125 0.6757881140625 0.747040725 0.6789411421875 0.747460103125
2 0.77712703125 0.7363630265625 0.7690691125 0.728340915625 0.7348277859375 0.7257029515625 0.7347899625000001 0.726243865625 0.745979690625 0.7361739640625 0.7492568953125 0.7367139046875 0.7725072453124999 0.7383397281249999 0.77712703125 0.7363630265625
2 0.698343634375 0.73785265 0.7080382640625 0.732762546875 0.7146139328125 0.7145757484375 0.6868759609375 0.717066021875 0.6865198734375 0.7221582890625 0.6865070734375001 0.723052428125 0.6985939515624999 0.7350855921874999 0.6970146765624999 0.7377597203125 0.698343634375 0.73785265
2 0.6426833515625 0.920202871875 0.632543503125 0.918250715625 0.6226159390625 0.93222518125 0.60884545625 0.9593793843749999 0.6087830375000001 0.9602720203124999 0.6129601671875 0.9605641140625 0.638039746875 0.9581658687499999 0.6661650781249999 0.9541656671875 0.6535210703125001 0.9358780078125 0.6426833515625 0.920202871875
2 0.6192100921875 0.9011703875 0.6131326390625 0.898010575 0.600198025 0.898100584375 0.589867640625 0.917183821875 0.5891202203125 0.9278724281249999 0.614915934375 0.9340735109375 0.615580053125 0.9341199515625 0.6167660171875 0.9171598796874999 0.6192100921875 0.9011703875
2 0.6205003078125 0.904704015625 0.618974384375 0.9265257281249999 0.6190017937500001 0.9265276453125001 0.643200940625 0.9157638765625 0.6296561296875 0.9056177359375001 0.6244135375 0.9049776546875 0.6205003078125 0.904704015625
2 0.2794557859375 0.663970890625 0.2628728296875 0.654606790625 0.25861662500000004 0.6443643046875 0.24646288125 0.6427685703125 0.2366886859375 0.64506855 0.23408890468750002 0.66328474375 0.22176916875 0.69250646875 0.21673145 0.6982399859374999 0.2156644828125 0.713498328125 0.215960321875 0.713519015625 0.236460503125 0.7052189953125 0.2510421890625 0.6957965421875 0.26536436406249997 0.6900852671875 0.2794557859375 0.663970890625
2 0.21343217499999997 0.699245390625 0.2205300328125 0.6928051828124999 0.226568215625 0.6775642578125 0.232413746875 0.65559708125 0.23494666562500002 0.6478183125 0.233105775 0.6457006125 0.2257964640625 0.6459353609375 0.209571415625 0.6438377531249999 0.2086256546875 0.6573627671875 0.212154859375 0.6656170328125001 0.2117592796875 0.68075528125 0.2123560140625 0.6991701375 0.21343217499999997 0.699245390625
2 0.2335107640625 0.606309990625 0.215300371875 0.6154786999999999 0.21181186875 0.63419713125 0.211217071875 0.6427031390625 0.21996652499999997 0.6433149609375 0.2286560453125 0.6330702609375 0.2380115171875 0.6225364921875001 0.24097695156249999 0.608572428125 0.2335107640625 0.606309990625
2 0.236843240625 0.6259106390625 0.2254426703125 0.6408617921875 0.22516965625 0.6447660749999999 0.225630684375 0.645277353125 0.22738914375000002 0.645400315625 0.2355283859375 0.6447139296875 0.236843240625 0.6259106390625
2 0.2431768078125 0.60810470625 0.23872508906249998 0.6301091859375 0.2378238609375 0.6429973515625 0.2381908546875 0.6430230140625001 0.2434110671875 0.6426794734375 0.25921081562500004 0.6442815453125 0.2666227625 0.6378384359375 0.2431768078125 0.60810470625
2 0.26239631874999997 0.611052275 0.2628438015625 0.5951717890625 0.2437118828125 0.6035934390625 0.2436707375 0.60418184375 0.267350446875 0.635664159375 0.26906349375 0.635783946875 0.2747450453125 0.62882204375 0.26239631874999997 0.611052275
2 0.305797846875 0.6305210859375 0.3194970125 0.631479025 0.327056359375 0.6141068781250001 0.3271405265625 0.6034220390625 0.3366194421875 0.60060416875 0.33722029062500003 0.573049196875 0.3234344375 0.5710907093750001 0.3252533484375 0.554560259375 0.3129958 0.5544489921875 0.30296209531249996 0.560460146875 0.291748434375 0.5691236296875 0.281090734375 0.579317715625 0.2782452390625 0.58682600625 0.2713305953125 0.589416478125 0.27091289218750003 0.5953898984375 0.27337555468749997 0.62328146875 0.2860840890625 0.6216839203125 0.3020937859375 0.6297648296875 0.305797846875 0.6305210859375
2 0.3323327046875 0.6371376843750001 0.32851252343750004 0.634881578125 0.3086330828125 0.6347345796874999 0.281409728125 0.635317153125 0.271882021875 0.6487287609375 0.27182646250000003 0.649523303125 0.2883251703125 0.6606255859375 0.3005744 0.6614821359375 0.3318679234375 0.65326558125 0.3323327046875 0.6371376843750001
2 0.331021171875 0.657967475 0.3181730640625 0.656820425 0.308781821875 0.663125128125 0.3083666046875 0.6690630093750001 0.30612896875 0.6773596687500001 0.30836680156249996 0.6808228187500001 0.312557784375 0.68111588125 0.32819648125 0.6794000234375 0.32852519375 0.6746992015625 0.3334734296875 0.675045215625 0.331021171875 0.657967475
2 0.2924374828125 0.6718773546875 0.30458117812499996 0.6695690328125 0.30475301718750003 0.6623710234375 0.29412758125 0.6626225078125 0.2846792125 0.6588043203125 0.2843698625 0.6587826890625 0.2820119921875 0.660658925 0.281928621875 0.6618511640625 0.292069221875 0.6718516046875 0.2924374828125 0.6718773546875
2 0.378742025 0.679478671875 0.38127298593750003 0.6741859812500001 0.3825209734375 0.6658201171875 0.3826755109375 0.6588695234374999 0.3873630671875 0.658202821875 0.3876744796875 0.6537494109375 0.38498235 0.649583215625 0.386404515625 0.643467125 0.383104521875 0.638512559375 0.3655861609375 0.6377847984375 0.3730500109375 0.6305994546875 0.3849753375 0.6212398734375 0.3786533328125 0.61209604375 0.39379215 0.6089280859375 0.3795875703125 0.5987358109375001 0.3726785140625 0.60272786875 0.35920641249999996 0.6057637515625001 0.35148188125 0.6119363812499999 0.3401805484375 0.6171130312499999 0.335088875 0.6408028375 0.333729859375 0.6602376750000001 0.33587033437499997 0.6692707687499999 0.3562550015625 0.676414496875 0.3619241375 0.6783026515625 0.378742025 0.679478671875
2 0.36535910625 0.557774953125 0.366920846875 0.5544034609375 0.3596437984375 0.544695603125 0.35617196875 0.5469390453125 0.349434746875 0.543733096875 0.3448134390625 0.5465338 0.344573584375 0.549963878125 0.35085780781250003 0.5663204203125 0.35410617499999997 0.5665475671875 0.3674779765625 0.56065795625 0.36535910625 0.557774953125
2 0.367125565625 0.5853711500000001 0.3604033078125 0.5724700109375 0.35541275 0.5741514453125001 0.35497068125000003 0.580473325 0.35733932031250004 0.6012325921875 0.37011605625 0.602126028125 0.3709319546875 0.6020463390625 0.367125565625 0.5853711500000001
2 0.3876634421875 0.575805796875 0.38318115625 0.5640557765625 0.37776396874999996 0.5681050734374999 0.377121196875 0.5772971453125 0.3786267890625 0.5901906328125001 0.3911048765625 0.5910631859375 0.3869714125 0.5857022671875 0.3876634421875 0.575805796875
2 0.39537029375 0.5692341390625 0.38456834375 0.5577880687500001 0.378682365625 0.5566306156249999 0.375237584375 0.559435346875 0.3747967046875 0.5657402265625 0.374917590625 0.567803946875 0.3821219296875 0.5643297781250001 0.389312475 0.5752746937500001 0.39537029375 0.5692341390625
2 0.39253018125 0.680442834375 0.39369835000000003 0.6805245203125 0.4070572171875 0.6524072390625 0.398630175 0.6479767625 0.3977080421875 0.64791228125 0.393727025 0.6676355 0.387537765625 0.67472616875 0.387372259375 0.6770930234375 0.39253018125 0.680442834375
2 0.831470490625 0.436297890625 0.8436738 0.42770361250000005 0.8430462999999999 0.417714871875 0.8312904718749999 0.410428665625 0.820020234375 0.40093882187499996 0.802588375 0.39897400156249996 0.7784412703125 0.412451384375 0.774892846875 0.42153814375 0.7746633 0.42482081875000005 0.7827009828125 0.4368655375 0.7887327375 0.44187438593749995 0.79503276875 0.44231492812499995 0.831470490625 0.436297890625