6 0.4791305546875 0.5625603890625 0.49446220625 0.5683072921875 0.504277115625 0.57050471875 0.5164837359375001 0.5709309828125 0.5213531062500001 0.5707791390625 0.5329444296875 0.5665855265624999 0.5388523609375 0.5612737703125 0.53714258125 0.5517107234374999 0.5439437421875 0.495215603125 0.543978978125 0.4942065734375 0.5397855093749999 0.48773212343749994 0.527719840625 0.48209927343750003 0.5134953171875 0.47976318593749995 0.5011730359375 0.4814787984375 0.49445930000000005 0.4864558578125 0.4704144640625 0.5429427812500001 0.4688903390625 0.55147321875 0.4791305546875 0.5625603890625
28 0.41200181875 0.557656434375 0.4031486734375 0.5536685640625 0.399162425 0.550770325 0.39430621875 0.5493745046875 0.3923184421875 0.54777229375 0.39326324375 0.544126578125 0.391136465625 0.54650478125 0.387731484375 0.5503711484375 0.387990040625 0.554672009375 0.3863142796875 0.555839728125 0.386153896875 0.5604325140624999 0.3868420859375 0.5641352578125 0.3913328125 0.5642920765625 0.39328851249999996 0.566812846875 0.3971999171875 0.5718543859375 0.40155164374999996 0.575991621875 0.40431314843750005 0.5788470875 0.4078376875 0.5832620000000001 0.4122214921875 0.5864806796875001 0.41822399062500004 0.587824559375 0.4200151859375 0.587887109375 0.4183772875 0.585775965625 0.42128848437500005 0.5843448312499999 0.426606396875 0.584223978125 0.4311185109375 0.5837684234375 0.431913621875 0.584409309375 0.4360602546875 0.5827147546875 0.43943315937499994 0.579766946875 0.4404634984375 0.5736717421875001 0.44191277968750003 0.56728460625 0.44306128125 0.563511878125 0.44308946406249994 0.5627048625 0.43475677968750004 0.561516646875 0.4332093265625 0.559010134375 0.43080260781249996 0.557699853125 0.42590363125 0.5575287765625 0.42171423125 0.560448071875 0.41717004375 0.5618221812499999 0.4135278890625 0.5607753171875001 0.41200181875 0.557656434375
3 0.40726191875 0.5289349125 0.4047268953125 0.5312988609375 0.3993574609375 0.544599965625 0.402162084375 0.54505045 0.404359809375 0.5451271953125 0.409689571875 0.53418138125 0.409828625 0.53019943125 0.40726191875 0.5289349125
3 0.420853565625 0.509743765625 0.42019016093749995 0.5097205984375 0.4181028953125 0.5106746828125 0.4069752234375 0.5250009437500001 0.40951000468750004 0.526545615625 0.4122316578125 0.5266406578125 0.4134644203125 0.5264537875 0.42292707343749997 0.5132802953125 0.42299042499999995 0.5114661421875 0.420853565625 0.509743765625
3 0.42865211875 0.5209602624999999 0.4478721046875 0.5152907734375 0.448001284375 0.5115915375 0.42370395937499994 0.517369334375 0.42553558125 0.52085143125 0.42865211875 0.5209602624999999
3 0.43909962187499996 0.4978733125 0.4396497375 0.482120046875 0.4338968453125 0.4829921078125 0.43413705625 0.497700015625 0.43909962187499996 0.4978733125
3 0.45214124531250005 0.5062839484375 0.4607393828125 0.5111366078125 0.4630255703125 0.51121644375 0.463697065625 0.509837384375 0.463828290625 0.506079590625 0.45555691875 0.502111396875 0.45214124531250005 0.5062839484375
3 0.449335615625 0.477185465625 0.451229253125 0.47797200625 0.4548774390625 0.47809940468749995 0.4653726234375 0.461855696875 0.4653744125 0.46180446875000003 0.45805656875 0.4615489234375 0.449335615625 0.477185465625
3 0.46607635312499995 0.4899864515625 0.4611852984375 0.49222214375 0.46118022031250006 0.49236758125 0.46674820937500006 0.498838821875 0.4688547703125 0.49891238437499996 0.47045942656250006 0.49527438437500004 0.470499121875 0.494137665625 0.46607635312499995 0.4899864515625
3 0.45812018437499996 0.496974071875 0.472080078125 0.49363642968750004 0.472208384375 0.489962196875 0.457297515625 0.493527209375 0.457178296875 0.49694118125 0.45812018437499996 0.496974071875
3 0.4538242515625 0.49057024531250004 0.4722715296875 0.488153953125 0.4724212203125 0.48386735156249994 0.45092505625 0.48668299531250003 0.4507930078125 0.49046439218750004 0.4538242515625 0.49057024531250004
3 0.4488494125 0.476769959375 0.44392905312500003 0.47721125625000005 0.44397570625 0.4992851546875 0.44653644375 0.4996964640625 0.44841437968750003 0.49976204218750003 0.4488511609375 0.48725429531250003 0.4488494125 0.476769959375
3 0.40724087343750004 0.5530450671875 0.41226751093749997 0.549901715625 0.4123920375 0.54633575 0.39919260625 0.551369171875 0.4028590109375 0.5528920484375 0.40724087343750004 0.5530450671875
3 0.40548438593749997 0.5559880109375 0.409916303125 0.5578288515625001 0.41289311093750003 0.5579328046875001 0.4199931265625 0.552526115625 0.42008851406250003 0.5497945671875 0.415496178125 0.5502064437499999 0.40548438593749997 0.5559880109375
3 0.43153410000000003 0.553724796875 0.43422265937500004 0.5539872921875 0.4415629515625 0.5542436203125 0.44183807656249996 0.5537684781250001 0.4419168453125 0.5515128203125 0.4316624078125 0.550050565625 0.43153410000000003 0.553724796875
3 0.172942396875 0.598020565625 0.1731703203125 0.591493703125 0.1696091015625 0.5904701015625 0.1678267375 0.5978419234375 0.172942396875 0.598020565625
3 0.58478658125 0.074160996875 0.58670111875 0.074641709375 0.589895659375 0.0747532640625 0.5902496609375001 0.064615959375 0.5859238437500001 0.06500393125000001 0.58478658125 0.074160996875