2 0.694236315625 0.295700046875 0.6922114500000001 0.3136293515625 0.69751574375 0.315990975 0.7072864328125 0.31861402656250004 0.715622984375 0.315343909375 0.7187582109374999 0.3083020765625 0.7221068109375001 0.298383165625 0.7258465171874999 0.28797499375 0.7213736203125001 0.2779347375 0.7121720171875 0.26847205625 0.7025946000000001 0.2628664484375 0.683541990625 0.2855727640625 0.68789290625 0.2918696828125 0.694236315625 0.295700046875
2 0.5568073859375 0.210584346875 0.5553433734375 0.2099325265625 0.550553015625 0.20964423906250002 0.54358654375 0.2072132984375 0.5427116187500001 0.21319572031249998 0.54857586875 0.2171816546875 0.5519016171875 0.2186623734375 0.5563195640624999 0.2160005515625 0.55754165625 0.2132556875 0.5568073859375 0.210584346875
2 0.77279185625 0.24349670625000003 0.76732205625 0.2356955296875 0.7628406 0.23873075625 0.7605319421875001 0.24484618125000002 0.768454953125 0.24837373281250003 0.77273903125 0.2485240015625 0.7727886359375 0.2484125875 0.77279185625 0.24349670625000003
2 0.408605715625 0.279719878125 0.4167529109375 0.268246846875 0.41695012187499997 0.2678039046875 0.40745953906250004 0.263246121875 0.407449090625 0.279204915625 0.408605715625 0.279719878125
2 0.4557366140625 0.288731321875 0.46334589531250003 0.2865269578125 0.46408123593750006 0.28487535468749997 0.45704483125 0.2797893703125 0.45381754062499996 0.2878768953125 0.4557366140625 0.288731321875
2 0.548774365625 0.3558770109375 0.5501908015625 0.352695646875 0.54917796875 0.3475887015625 0.5433323531250001 0.3436445984375 0.5384409609375 0.348353803125 0.5375108156249999 0.35044294374999996 0.5364812765625 0.35501506250000003 0.5405113234375001 0.35726209999999997 0.5457657078125 0.359601503125 0.548774365625 0.3558770109375
2 0.57240785 0.3911510375 0.5763780671875 0.3788316234375 0.561818765625 0.3803982015625 0.5545945078125001 0.391602515625 0.5539829015625 0.40944 0.55942570625 0.41186329375 0.5645437890625 0.399385884375 0.56964220625 0.397362775 0.57240785 0.3911510375
2 0.5397375421875 0.3774420203125 0.5440114109375 0.3780994421875 0.5448519828125 0.3762114859375 0.54334255 0.3732116953125 0.5376029484375 0.3764916375 0.5397375421875 0.3774420203125
2 0.5944069796875 0.26862515 0.58420518125 0.26643058124999996 0.5782342953125 0.263772171875 0.5813786734375 0.2694145265625 0.59021475 0.2733486015625 0.59400121875 0.2735035953125 0.5947325265625001 0.271861053125 0.5944069796875 0.26862515
2 0.6247556421875 0.363262403125 0.6303955421875 0.3716255953125 0.6323426828125001 0.3724925171875 0.6359558062499999 0.37134965625 0.6375378265625 0.367796378125 0.6375690453125 0.36762583125 0.6247556421875 0.363262403125
2 0.6199180609375 0.382840325 0.6212766937499999 0.3863796828125 0.62294434375 0.38712216875 0.6284230375 0.3844269796875 0.62910093125 0.382904403125 0.621786596875 0.3796478515625 0.6199180609375 0.382840325
2 0.44931349843749996 0.4601816625 0.450398878125 0.4577438609375 0.4487356828125 0.4513859703125 0.443138634375 0.4478879046875 0.43143950468750003 0.45206937812500003 0.43316302812499996 0.45655930937500006 0.4379304046875 0.4586818828125 0.439647496875 0.45874211093749995 0.447111103125 0.462065121875 0.44931349843749996 0.4601816625
2 0.45559284531250005 0.4045867453125 0.45806630156250006 0.411204778125 0.4591375578125 0.41168173125 0.4667817578125 0.405581103125 0.46761125000000003 0.4037180328125 0.46567398125 0.40102636093750005 0.45559284531250005 0.4045867453125
2 0.4857386 0.48209145 0.48296782812499994 0.472797846875 0.46990585781250005 0.4679883828125 0.46418090625 0.46979923437500004 0.467286353125 0.4778891984375 0.47602782968749996 0.4893269015625 0.4770599046875 0.48978641093749997 0.484566409375 0.48472423593749997 0.4857386 0.48209145
2 0.3912535015625 0.6870773015625 0.3967344953125 0.6777797703124999 0.3718672203125 0.6492690875 0.36203267499999997 0.6562929265624999 0.35792440000000003 0.659494303125 0.3480970984375 0.6554542718749999 0.3401310875 0.6592856375 0.3459701171875 0.673287803125 0.34609143750000004 0.6780369484375 0.3327756328125 0.6808279015625 0.322576465625 0.6746101078125 0.3202081625 0.68093373125 0.31248676875000003 0.691245975 0.315345625 0.6958724828125 0.317454825 0.7051957234375 0.3218083765625 0.707469415625 0.33599515625 0.7047308796875 0.328164953125 0.69118365625 0.32866538125 0.6870466937499999 0.33748919375 0.7033838703125 0.3433176875 0.7334789359375 0.3504094296875 0.734624184375 0.36980624687499997 0.756339496875 0.3718062296875 0.7576323859375 0.3785018171875 0.7606134531250001 0.38300204843749996 0.7467877875 0.3878606359375 0.7378838765625 0.38836369843749996 0.7297236890625001 0.39595652812500004 0.7257261734375 0.39421918906250003 0.7185806968749999 0.38538945 0.7112957765625 0.3903739671875 0.70010036875 0.3912535015625 0.6870773015625
2 0.5517607828125 0.7144558203125 0.548524796875 0.715697996875 0.5437947734375 0.7182871859375 0.5435422562500001 0.7238759890625001 0.5399363828125 0.7199229859375 0.5348397625 0.712287959375 0.530617409375 0.69967631875 0.5190455265625 0.69955468125 0.5098379984375 0.6991442578125 0.50087969375 0.6981740624999999 0.4952740875 0.7077514796875 0.4939007109375 0.7148534421875 0.5062136859375 0.7233538312500001 0.519523565625 0.7296151375 0.5426653546875 0.7328758296875 0.5461426640625 0.7431435578125 0.533697175 0.7469927296875001 0.5192611703125001 0.750291034375 0.5055682328125 0.758950671875 0.49934351250000003 0.7638926781250001 0.5034445437499999 0.7717551734375 0.5123675265625 0.779165446875 0.51959478125 0.7823832281249999 0.5301876 0.7860095140625 0.5242173718750001 0.7823452984375 0.5255933828125 0.771220109375 0.5397801609374999 0.768481575 0.5573216125 0.7732732328125 0.5688941546875 0.7723890625000001 0.5789772671875 0.765811259375 0.5810800765625 0.763511209375 0.5861253468750001 0.7521793453125001 0.5879500578125 0.7446537156249999 0.5827275078125 0.7393101875 0.5727782265625 0.73152681875 0.57240965625 0.7243200234375 0.5778919671875 0.713010878125 0.558860428125 0.7035313921874999 0.5512676 0.707528909375 0.5517607828125 0.7144558203125
2 0.3201303078125 0.7333336218750001 0.31988503125 0.7278585546875 0.32653709218750004 0.72825888125 0.3297969125 0.7209372046875 0.3172793546875 0.7166374375 0.30645053906249997 0.7218771328125 0.3052083609375 0.7186411484375 0.3109333140625 0.7168302953125 0.301725784375 0.716419871875 0.30557693124999996 0.7258479421875 0.3094293984375 0.7332644015625001 0.3201303078125 0.7333336218750001
2 0.3446494671875 0.7376435359375 0.338931103125 0.7293963234375 0.31989363593750003 0.7289690953125 0.333305203125 0.7439113625 0.338283640625 0.74612790625 0.34263355 0.745887375 0.34438356406250004 0.7419567796875 0.3446494671875 0.7376435359375
2 0.4577875546875 0.623032303125 0.4583348015625 0.6234101015625 0.46512275000000003 0.626432290625 0.47309124062499996 0.624815446875 0.462644165625 0.617145809375 0.4577875546875 0.623032303125
2 0.52611124375 0.6454199421875 0.519655875 0.6402466812500001 0.5194425515625001 0.6407258140625001 0.517787959375 0.6533010906250001 0.5194688265625 0.6540494609375 0.5297700078124999 0.6521039359375 0.5300304828125 0.6515189 0.52611124375 0.6454199421875
2 0.30302435625 0.5099762906249999 0.3035811859375 0.5168812296875 0.3043848734375 0.5172390546875001 0.3108181125 0.513863403125 0.312099146875 0.5109861515625 0.31061739374999997 0.5080413671875 0.3098705734375 0.5077088609375 0.30302435625 0.5099762906249999
2 0.37895011093750003 0.9217030328125 0.37757705 0.9152584234375001 0.3713628625 0.9041075281250001 0.3585402421875 0.913825390625 0.35394825625 0.9241391609375 0.355907453125 0.9250114515625001 0.36923390624999997 0.92495848125 0.37810774999999996 0.92359500625 0.37895011093750003 0.9217030328125
2 0.6018659125 0.478649228125 0.6060108515625 0.46933954375000003 0.6006035703125 0.47057498750000004 0.5978122390625 0.47684441718750004 0.6018659125 0.478649228125
2 0.5806235375 0.0639178578125 0.5717026781250001 0.06620294843749999 0.5713224375 0.06705698437499999 0.5698182828125 0.0727061609375 0.572225853125 0.0737780796875 0.5785528234374999 0.0738665828125 0.5790862875 0.072668403125 0.5806235375 0.0639178578125
2 0.5547106687500001 0.3757243234375 0.556346090625 0.379705515625 0.5608162578125 0.3816957609375 0.5628793765625 0.38181992187499997 0.5630254375 0.3814918625 0.5575774250000001 0.36828115625 0.5547106687500001 0.3757243234375
28 0.2203515203125 0.189062234375 0.223699703125 0.1870834703125 0.22795062812500003 0.1775357375 0.22329806875 0.1718786578125 0.2116028890625 0.17002529375 0.205132234375 0.1704980390625 0.200036828125 0.1749247703125 0.20003165156249997 0.1749364 0.204753128125 0.1793841453125 0.208907946875 0.1839672265625 0.2203515203125 0.189062234375
3 0.590150615625 0.6049304484375 0.5852992703125001 0.602770490625 0.5834300765625 0.6069687703125 0.5818526984375 0.620251259375 0.5873346515625 0.6226919828125 0.58774168125 0.6217777796874999 0.590150615625 0.6049304484375
2 0.273805925 0.081163240625 0.2742335296875 0.081353621875 0.2876807890625 0.079711140625 0.29142650625 0.0772236515625 0.293427375 0.07272962656250001 0.2809648609375 0.0747088171875 0.273805925 0.081163240625