6 0.9025846874999999 0.4801183390625 0.9027629968750001 0.4801062765625 0.9051345468750001 0.479454534375 0.9110545562500001 0.477088809375 0.9070570734375 0.4697438140625 0.9049571609375 0.46472704374999996 0.9040873734374999 0.4630662765625 0.9049305546875 0.46251792031249994 0.9039027718750001 0.46185047187499995 0.8993265312500001 0.46289700624999996 0.8961117968750001 0.46409710156250006 0.8917112890625001 0.465623065625 0.8887009015625 0.46662100000000006 0.8882851374999999 0.467261221875 0.8890237515624999 0.46826144531249997 0.8931526203125 0.4724039953125 0.8968976218750001 0.476425115625 0.9025846874999999 0.4801183390625
6 0.340619534375 0.33874201875 0.345276465625 0.33818625468749997 0.3467959671875 0.3373464921875 0.3471208234375 0.3360962265625 0.344062428125 0.3220549390625 0.3440446890625 0.32058218906249997 0.3442026828125 0.31958886875000003 0.3418045234375 0.3180314875 0.33908150937500003 0.3177243703125 0.33517271718749997 0.3177431234375 0.330587609375 0.3180532828125 0.3282160578125 0.3187050234375 0.3266605234375 0.31937526250000003 0.3250628140625 0.32183551875 0.3260557140625 0.32278169375 0.327259228125 0.323928571875 0.33322635 0.333940828125 0.340619534375 0.33874201875
23 0.2639414265625 0.884105459375 0.2728826984375 0.878587459375 0.24662380781249998 0.84326936875 0.23590582656249998 0.8282722671875 0.22695568437500002 0.8330538921875 0.198919484375 0.8477246328125 0.1877646546875 0.8529010546875 0.16594671249999998 0.86174668125 0.1606789234375 0.8647206453124999 0.15941770156249999 0.86666275625 0.16358568281250002 0.877382859375 0.2118914625 0.9087529999999999 0.243493859375 0.8938410187500001 0.2639414265625 0.884105459375
20 0.2532152125 0.9135791843750001 0.2509839140625 0.9117648562499999 0.2497449234375 0.9076724796875 0.242128028125 0.8961504765624999 0.23551395937500003 0.8973348624999999 0.231789771875 0.89856941875 0.2253691734375 0.9017059812499999 0.2245703390625 0.9059362078125 0.225273265625 0.9078539250000001 0.22291058437500003 0.9092420390625 0.21568588906250002 0.9091166109375 0.21542725312500002 0.9095148765625 0.26015129375 0.9385590078125 0.2736749546875 0.933076121875 0.2707141234375 0.92713495625 0.2579937921875 0.9152212015625001 0.2532152125 0.9135791843750001
3 0.194098478125 0.7000417046875 0.19579213281250002 0.6974337078125 0.18621746875 0.6905577218750001 0.1842232015625 0.693628625 0.194098478125 0.7000417046875
3 0.19353186093750002 0.7108521453125001 0.1973175234375 0.7133105828125 0.2071065203125 0.71608761875 0.2067373171875 0.7136560109375 0.1942378984375 0.7097649421875001 0.19353186093750002 0.7108521453125001
3 0.20483015937500001 0.7242899796875 0.2054410671875 0.7204491421875 0.20512131406249998 0.7202414921875 0.192910359375 0.7175469171875 0.1918977140625 0.71910625625 0.1953222265625 0.7213301609375 0.20483015937500001 0.7242899796875
3 0.1949779828125 0.7229696734375 0.196660978125 0.7240626234375 0.203809140625 0.7270060140625 0.204792575 0.7239915921875 0.19622597656250002 0.721047934375 0.1949779828125 0.7229696734375
3 0.21941659218749998 0.7369772234374999 0.21976689062500002 0.7372047109375 0.23377829062500002 0.739472571875 0.2340765390625 0.7360131812499999 0.22120071718749998 0.7342299125 0.21941659218749998 0.7369772234374999
3 0.2477033546875 0.6665589046875 0.2381287375 0.6679988296875 0.236576915625 0.670388425 0.2372249265625 0.67215631875 0.2372552328125 0.672176 0.248424021875 0.6699493703125 0.2477033546875 0.6665589046875
3 0.257782084375 0.6291287109375 0.2571258984375 0.63013915 0.2631631828125 0.6386979937499999 0.2686040078125 0.64223130625 0.26039677656250004 0.62826195 0.257782084375 0.6291287109375
3 0.193987934375 0.5564589109375 0.1919146296875 0.5536512625000001 0.1858188890625 0.555537559375 0.1816384390625 0.557034053125 0.18104920468750002 0.5579413921875 0.1821192265625 0.5599844859374999 0.1829757125 0.5605406937499999 0.18959629375 0.55872125 0.193987934375 0.5564589109375
3 0.2814911625 0.38418164843749997 0.285178146875 0.37722413593750004 0.28299301718750003 0.3751418359375 0.2784183796875 0.382186159375 0.2814911625 0.38418164843749997
3 0.250172746875 0.63510831875 0.24939683750000002 0.6363031140625 0.2521984140625 0.638664353125 0.2579604296875 0.637291946875 0.2552019375 0.63403933125 0.250172746875 0.63510831875