3 0.315872159375 0.14322502343750002 0.334995709375 0.133871290625 0.3349742953125 0.1335650453125 0.3306271078125 0.13030435468749998 0.308823375 0.13994366875 0.31216776562500004 0.143484059375 0.315872159375 0.14322502343750002
3 0.2958239734375 0.176208 0.307670446875 0.1829564296875 0.3133393109375 0.1825600234375 0.3132458109375 0.18122292812500002 0.3125375140625 0.1801345171875 0.300287859375 0.17287645000000001 0.2958239734375 0.176208
3 0.3690202921875 0.23665784374999999 0.3721189359375 0.247386503125 0.377310634375 0.24966544218750003 0.3820695640625 0.24707489531250001 0.38187848281250003 0.244342303125 0.38011635625 0.237014209375 0.3742832078125 0.23515755 0.3690202921875 0.23665784374999999
3 0.3918752859375 0.2668955 0.38655428281250004 0.272362825 0.3750756328125 0.28145314843749997 0.375100253125 0.2818052390625 0.37790228125 0.2829696046875 0.390221146875 0.2768242296875 0.39626239218750003 0.27206139375 0.39773939375 0.269569715625 0.39765342187499997 0.26834024843750004 0.3918752859375 0.2668955
3 0.48927312343749996 0.3355038140625 0.49082858749999997 0.336178203125 0.5035387906250001 0.3352894203125 0.515840734375 0.32334467031249997 0.5156629625 0.3208024046875 0.5139820734375 0.3194338296875 0.5099101328125 0.31877500312499996 0.48927312343749996 0.3355038140625
6 0.481987565625 0.4182448328125 0.5465197671875 0.4072688890625 0.5499068765625 0.4073248171875 0.5498266203125 0.40617709375000005 0.5436180984375001 0.3993571484375 0.5241695796875 0.3707118015625 0.5224008015625 0.364607965625 0.5191278921875 0.36578039375000004 0.449113915625 0.39124593281250003 0.4503912546875 0.39511958125 0.45432075625 0.4033368734375 0.4668012265625 0.418693446875 0.46760343125 0.41925066875 0.481987565625 0.4182448328125
6 0.54622011875 0.4008547421875 0.5497076890625 0.4041114875 0.5524264015625 0.4039213765625 0.5547766484375 0.403275815625 0.555506678125 0.4037059828125 0.558755209375 0.4034788234375 0.5590015125 0.40298805 0.5588826171875 0.40128776093749996 0.5525088593749999 0.3900357921875 0.54537766875 0.379211690625 0.5372055109375 0.36789424375 0.5330472078125 0.36120264999999996 0.5283863453125 0.36171728124999997 0.52786308125 0.3638297109375 0.523588603125 0.3650721765625 0.5253705140625 0.37136380468749997 0.5403006078125 0.39296531562500003 0.54622011875 0.4008547421875
3 0.46607783437499994 0.44891919375 0.4686154 0.4520725296875 0.47126283437499994 0.45188740312500003 0.47606937031249996 0.448967653125 0.47495471718750004 0.43302739062500006 0.4713180375 0.432700896875 0.46641524062500006 0.43455343593749995 0.46607783437499994 0.44891919375
3 0.5905912046874999 0.5815864953125 0.591838540625 0.5859906359375 0.6199128625 0.5840274875 0.6356619578125 0.58090995 0.6356275499999999 0.5804178875 0.6330491031250001 0.5746545843749999 0.5992714796875 0.5809795125 0.5905912046874999 0.5815864953125
3 0.586668325 0.6418464109375 0.5828525124999999 0.640817290625 0.5622508749999999 0.63886106875 0.5330139171875 0.6333570078124999 0.5241103984375 0.6307714859375 0.5164786609375 0.6367778171875 0.5472611546875 0.6451932078125 0.5668648265625 0.648823271875 0.5755140125 0.6482184609375 0.586702115625 0.6423296390625 0.586668325 0.6418464109375
3 0.8942421296875 0.6733071453125 0.868336640625 0.6962544578125 0.8678607843749999 0.698400134375 0.8681410671875 0.7024083734375 0.869214490625 0.70443038125 0.8721403999999999 0.70422578125 0.8794271453125001 0.701329028125 0.9056162015625 0.6783438828125 0.9055555046875 0.677475878125 0.8942421296875 0.6733071453125
3 0.266189471875 0.44612019218750004 0.2595386 0.4469626921875 0.2553297796875 0.44914412812500004 0.265117315625 0.46160355624999994 0.27714991875 0.46076215468750004 0.277923809375 0.46007216562500003 0.27788040937499997 0.4594515171875 0.2698826 0.4509571859375 0.266189471875 0.44612019218750004
3 0.2510176703125 0.40650408281250006 0.23051351874999998 0.401144215625 0.22395457031250002 0.40330127656250003 0.2234575703125 0.4057892953125 0.24495016249999998 0.41089133125000005 0.246976828125 0.4111836515625 0.25022191875 0.4109567328125 0.252457971875 0.4094846921875 0.2523560625 0.4080273296875 0.2510176703125 0.40650408281250006
28 0.470469521875 0.54920540625 0.442485653125 0.5568236109375 0.4478291671875 0.563168128125 0.4512819890625 0.5629266828125 0.46478283593749997 0.5590386921875 0.483389075 0.5536443109375 0.48325770781250005 0.5517656859375 0.48050095 0.5483529703125 0.47847159375 0.5484948765625 0.470469521875 0.54920540625
28 0.4883455609375 0.489199690625 0.4692445046875 0.49430962031250003 0.47198984062499993 0.4972597140625 0.477564740625 0.49686987968749996 0.49392364375 0.4922064625 0.5115999796875 0.48669259374999996 0.5114630953125 0.48473506874999994 0.509665428125 0.4822361921875 0.4883455609375 0.489199690625
6 0.5671032874999999 0.7157052515625 0.59896413125 0.7155531625 0.6163903421875 0.7152781671875 0.6364480125 0.7142530234375 0.6667022671875 0.711216071875 0.66640628125 0.706983271875 0.6618095328125 0.688324346875 0.658324503125 0.6768678578125 0.6499498109374999 0.6674516984375 0.6413594421875 0.6597490359375 0.6220255640625 0.6471362515625 0.60280986875 0.63621361875 0.5263774421875 0.6756208 0.5264758953124999 0.6770287421875001 0.552668653125 0.71558234375 0.5671032874999999 0.7157052515625
3 0.676970090625 0.7411983109375 0.691514009375 0.743483771875 0.7146104046875 0.741868715625 0.7391649328125001 0.7334523953125001 0.7532450046875 0.728504853125 0.760916140625 0.7230619046875 0.7691575046875 0.720975909375 0.760435821875 0.7113953046875 0.7393841531249999 0.7173964828125 0.7281249437499999 0.7195047953125 0.713135225 0.725836934375 0.69110825 0.7322837390625 0.676970090625 0.7411983109375
20 1 0.8563871328125 0.9657864625 0.8565829453125 0.9485309640624999 0.8592992703125001 0.9561010671875 0.87160238125 0.9651677281250001 0.871723228125 0.975877409375 0.8713517609375 0.983392971875 0.8732794859374999 0.9959876062499999 0.8710777953125 1 0.8712844703125 1 0.8563871328125
28 0.6189511249999999 0.6297820859375001 0.615398896875 0.6413532453124999 0.62272735625 0.6433506671875 0.6273998749999999 0.6430239328125 0.638611290625 0.637465525 0.6399247953125 0.6194719906249999 0.639869703125 0.6186841515625 0.6282183109374999 0.6183774375 0.6189511249999999 0.6297820859375001
3 0.7242328437500001 0.978020859375 0.7578917515625 0.9625167890625 0.75778855625 0.961041021875 0.7462295328125 0.9519500484375 0.6963651515625 0.9777050062500001 0.709696 0.9865575765625 0.7097889328125 0.986551078125 0.7242328437500001 0.978020859375
28 0.7017353265625 0.9073170749999999 0.718381990625 0.9107670499999999 0.7220627703125 0.910509665625 0.7299133203125 0.898396903125 0.7297171640625 0.8955917296875 0.6990867125 0.8886310125 0.69592643125 0.8962117968750001 0.7017353265625 0.9073170749999999
28 0.5353696343750001 0.5974784 0.532064903125 0.60299344375 0.5342745156250001 0.60411274375 0.5430231453125 0.6035009796875 0.5649909640625 0.594086084375 0.565850828125 0.59053524375 0.56573375625 0.588861034375 0.5406062890625 0.5956025140625 0.5353696343750001 0.5974784
28 0.24525189687500001 0.1228002859375 0.2452079453125 0.1246716140625 0.26845349218750003 0.1230461265625 0.26836183125 0.1217353171875 0.24525189687500001 0.1228002859375
28 0.6984320937499999 0.985778909375 0.6982348640625 0.9829583843749999 0.6920238734375 0.9688465765625001 0.6471895828124999 0.9753785234375 0.652133075 0.9890164531250001 0.6984320937499999 0.985778909375