26 0.27424231718750003 0.7972587843750001 0.2801935734375 0.8006947437499999 0.28743419531250003 0.7976018578125 0.0632864640625 0.5751600328124999 0.054305846874999994 0.57899616875 0.27424231718750003 0.7972587843750001
1 0.2536704171875 0.8939730593749999 0.2536649953125 0.8770553703124999 0.24440474375000001 0.8702430328125 0.2378663265625 0.866468075 0.22278851562500002 0.86543083125 0.247854303125 0.90110215 0.2491294015625 0.901838328125 0.2536704171875 0.8939730593749999
28 0.21988330312499998 0.6215370250000001 0.24744962343750002 0.620763415625 0.2900986953125 0.5455909734375 0.2786482953125 0.5237569796875 0.23056259531249998 0.5260542734375 0.2302758265625 0.526550971875 0.2448705046875 0.5471055781249999 0.2623084015625 0.5481522546875001 0.2182571984375 0.62059819375 0.21988330312499998 0.6215370250000001
3 0.24156542656250002 0.5476218109375 0.2399656640625 0.5503926828125 0.23118008906249998 0.5883663968749999 0.2311943546875 0.5883746328125 0.252559890625 0.5539694671875 0.24156542656250002 0.5476218109375
17 0.4059978203125 0.5322175921875 0.39852378593750004 0.487871334375 0.386927734375 0.4806125328125 0.3811789546875 0.48405929687500004 0.40068143906250003 0.5346736015625 0.4149131890625 0.54289030625 0.4248830328125 0.5346636953125 0.4199367875 0.5210954265625001 0.416803440625 0.5356371281250001 0.4059978203125 0.5322175921875
19 0.5762901390625 0.4321845171875 0.5810569343750001 0.41351152031250005 0.5754187484375 0.41025631249999994 0.5745123000000001 0.3962013265625 0.5513957359375 0.3828549734375 0.5291289390625 0.3932971984375 0.5234620484375 0.4031125390625 0.51871726875 0.4133785625 0.5219351359375 0.41523639843750004 0.5598868140625 0.4345542453125 0.5762901390625 0.4321845171875
20 0.6020869875 0.5986327796875 0.648879959375 0.5914813062500001 0.710354975 0.5683367875 0.70390340625 0.5482612312499999 0.718260540625 0.5520397781249999 0.720626409375 0.5466398906250001 0.6843383578125 0.535273890625 0.64725319375 0.5578406124999999 0.6260250640625 0.573775478125 0.6031526406250001 0.5600062593749999 0.5955613296875 0.5601339624999999 0.56612720625 0.5229643187499999 0.56445868125 0.5258542890625 0.5587324109375 0.561423521875 0.5919397 0.5755213921875 0.5996305921875 0.5972145796875 0.6020869875 0.5986327796875
28 0.776855959375 0.7175778890625 0.7897544375 0.7216983 0.8014260249999999 0.73012835 0.82312490625 0.7172843671875 0.8187600093749999 0.7001050078125 0.7935972546875 0.6929069265625001 0.7622504015625 0.67701898125 0.761971575 0.677501921875 0.7711254703125 0.69797503125 0.7639118468749999 0.7039589796875 0.7687132562500001 0.712876696875 0.776855959375 0.7175778890625
3 0.8253661781250001 0.5693919578125 0.76978844375 0.5733377078124999 0.7697406671875 0.5734204593750001 0.7749591171875 0.5865789359375 0.776152209375 0.5872677687500001 0.8290741921875 0.5890111578125 0.8253661781250001 0.5693919578125
17 0.81076359375 0.34507500156250004 0.8250451906249999 0.3476822984375 0.8303056890624999 0.3450812640625 0.8399256640624999 0.342741896875 0.8230111062500001 0.332976271875 0.8207328781250001 0.318693109375 0.811955921875 0.3130619125 0.7987965375 0.294187965625 0.7889499515625 0.2930135859375 0.780089890625 0.2992450796875 0.779155471875 0.30086353906249996 0.7857815484375 0.3154285078125 0.8011732531250001 0.3226234578125 0.800876528125 0.33485615156250004 0.81076359375 0.34507500156250004
28 0.330001965625 0.41605981875 0.34201075937500003 0.42130164218750005 0.3473238453125 0.4068907765625 0.338302746875 0.40168244375000006 0.33275762656249996 0.39566187343750003 0.32723545781249996 0.40262238281249996 0.3118437515625 0.3954274328125 0.29635685 0.39022028125 0.2925050640625 0.396891771875 0.291424909375 0.39942553125 0.3010610828125 0.404988978125 0.31089014062500003 0.41009996875 0.330001965625 0.41605981875
3 0.14043962031249999 0.7669174703125 0.15061139375000002 0.756721315625 0.128671421875 0.7384724625 0.1257742609375 0.7367997859375001 0.1180899921875 0.7427375359374999 0.1163565953125 0.74573986875 0.1374513828125 0.7651922109375 0.14043962031249999 0.7669174703125
28 0.3376515875 0.6857529921875 0.295261278125 0.6302689109374999 0.290547778125 0.6315318890625 0.29013680937499997 0.6322437078124999 0.29415659375000003 0.6425989484375 0.3276452359375 0.6873618453125 0.3312219609375 0.68942686875 0.3376515875 0.6857529921875
28 1 0.36143964375 0.9959831124999999 0.35655704843749997 0.9889301609375 0.36877311874999996 0.9935251375 0.3735748046875 0.9978372234374999 0.3760643875 1 0.3736659671875 1 0.36143964375