12 0.4796643609375 0.3438025546875 0.48317375625 0.3325008109375 0.4820495875 0.325208521875 0.438196975 0.291011021875 0.4351043953125 0.2863133453125 0.43439480625 0.29373385937499996 0.42762968125 0.3023968078125 0.421103246875 0.3124967703125 0.4218166984375 0.3226995921875 0.42592051875000003 0.32626699062500003 0.4708906875 0.346970290625 0.4738847796875 0.3467609234375 0.4796643609375 0.3438025546875
12 0.3598099890625 0.5324327156249999 0.369463196875 0.5387190984375 0.384712665625 0.4713146859375 0.3879577796875 0.4518415375 0.38247438906250003 0.43052177656249996 0.3753673203125 0.43429470625000005 0.369270440625 0.44372991562499997 0.3692832921875 0.43512963750000005 0.37210376875 0.42715201875000003 0.3671489375 0.42217506875 0.355045690625 0.429163825 0.3503501078125 0.44546244843749994 0.3407460703125 0.4354871765625 0.323420578125 0.5059236953124999 0.3237401390625 0.510493628125 0.334108890625 0.5338204171875 0.3383876578125 0.533521215625 0.3453522484375 0.5277107796875 0.3598099890625 0.5324327156249999
2 0.46311118906250004 0.420452521875 0.46318470625 0.421503875 0.4728485328125 0.43298073437499995 0.47363891562499993 0.432925465625 0.4750937015625 0.42623087968749995 0.46311118906250004 0.420452521875
2 0.46642534687500004 0.48041935156250004 0.4633476359375 0.473683403125 0.44834143437499996 0.45562808749999995 0.45015456875000004 0.481557115625 0.46642534687500004 0.48041935156250004
2 0.247391509375 0.5274254265625 0.256751940625 0.525132903125 0.2641154671875 0.525027490625 0.26772319843750003 0.5063479703125 0.2665548921875 0.489640403125 0.2614989296875 0.4744331703125 0.2538091046875 0.4786563453125 0.237603090625 0.47528514218750006 0.2359196328125 0.48195476875 0.2331069765625 0.49443627343749996 0.2298099 0.4999902546875 0.2261553765625 0.503726503125 0.2264332046875 0.5076996484375 0.23043176875000002 0.5220594578125 0.23844459843750002 0.5323865750000001 0.239873309375 0.5322866687500001 0.247391509375 0.5274254265625
2 0.129984515625 0.5896476140625 0.1332815921875 0.5840936343750001 0.1174225515625 0.572508284375 0.10912929687499999 0.5812780890625 0.103571034375 0.580847771875 0.1004327875 0.5873555171875 0.1007620859375 0.59206470625 0.10752030937499998 0.6026279953125 0.1201829609375 0.6017425375000001 0.1262393375 0.593185453125 0.129984515625 0.5896476140625
2 0.2569829625 0.4010860625 0.2598200625 0.3935474875 0.25033782968749996 0.3897061140625 0.248880703125 0.401652628125 0.2569829625 0.4010860625
2 0.3522305375 0.38034080625 0.35276769531249996 0.38802250781250003 0.356459978125 0.38943100468749997 0.3592854515625 0.389233428125 0.35929639999999996 0.3819078359375 0.3522305375 0.38034080625
2 0.3764968875 0.3030956640625 0.3877241703125 0.30579639531249997 0.3883196078125 0.30575475937499996 0.38534440625 0.2934681125 0.384753828125 0.28941446718749997 0.3865562953125 0.2712706796875 0.378778309375 0.264131434375 0.3786549828125 0.2641400578125 0.3745955265625 0.28029694374999997 0.3729462421875 0.2958001546875 0.372963403125 0.29604556249999997 0.3764968875 0.3030956640625
2 0.41174751875000004 0.38029780468749996 0.4119370125 0.383007690625 0.41553003125 0.389999371875 0.41756885937500005 0.389856803125 0.4261730765625 0.3792890703125 0.41174751875000004 0.38029780468749996
2 0.41826532812500006 0.4592327296875 0.39949903125 0.4515291890625 0.39984858125 0.4565279859375 0.40045352031250003 0.45924977031249997 0.41325689062500004 0.46377515156250004 0.41429043749999994 0.463702878125 0.41826532812500006 0.4592327296875
2 0.3267139609375 0.46364345937499996 0.3179332515625 0.472249996875 0.318194240625 0.47598231562500004 0.3236738609375 0.48256993125000003 0.3303606046875 0.4821023484375 0.3331321125 0.4631946578125 0.3267139609375 0.46364345937499996
2 0.447068084375 0.519768890625 0.4456398390625 0.5289902484375 0.446183590625 0.5367662515625 0.4476044640625 0.5406155890625 0.45317055 0.5455497968749999 0.458021459375 0.522688403125 0.447068084375 0.519768890625
2 0.538428228125 0.641413859375 0.5402867546875 0.6412838984375 0.545454275 0.6302296328125 0.524456578125 0.6198226015625 0.5142647546875 0.62340174375 0.4950528078125 0.63084604375 0.495209878125 0.6330922609375 0.5029308828125 0.6413930421875 0.5193000453125001 0.642705365625 0.5230452234375 0.6391675234374999 0.538428228125 0.641413859375
2 0.65980403125 0.62706043125 0.647705815625 0.6209450203125 0.6455201984375 0.6322919312499999 0.6456283 0.63383785 0.6513967953125 0.63420023125 0.6551319765625 0.637952084375 0.6567325828125 0.6378401593749999 0.65980403125 0.62706043125
2 0.379861265625 0.6232947640625001 0.381394425 0.610083740625 0.3867090828125 0.598246265625 0.3766932578125 0.59116625 0.366905396875 0.5873462468749999 0.3673179640625 0.596101046875 0.368826484375 0.617673896875 0.374688009375 0.64816474375 0.37692883125 0.6480080515625 0.3787348609375 0.646714703125 0.379861265625 0.6232947640625001
2 0.3291489359375 0.594961790625 0.33648489062500003 0.5915158078125 0.3452754171875 0.5810732515625 0.3487227921875 0.582060671875 0.3550398140625 0.5713815859375 0.3472851765625 0.5702858671875 0.3478601125 0.5653317328125 0.35460456093750004 0.560765171875 0.3481864109375 0.5612139734375 0.34623085 0.5552083046875 0.340146821875 0.5560432359374999 0.33249834218749996 0.5520736328125 0.3157872359375 0.5458712921875 0.305048971875 0.55481206875 0.30415930625 0.5664650015625 0.305176665625 0.5810139249999999 0.3085019328125 0.5910156015625 0.31648453125 0.595371334375 0.32066270937499997 0.5955552046875 0.3291489359375 0.594961790625
2 0.4098644921875 0.697393375 0.41303230312499994 0.6944743171875001 0.412120453125 0.6814342640625 0.40106091718750003 0.681388634375 0.39253809375 0.6879734609375 0.3925808375 0.6885847187499999 0.39580325156249996 0.6940411125 0.40302429999999995 0.6918981921875 0.407898296875 0.697530865625 0.4098644921875 0.697393375
2 0.4109728890625 0.5288704125 0.39506468125 0.52097395 0.391029521875 0.5335409421875 0.3878955953125 0.5370360437499999 0.382671453125 0.53699185625 0.3809836078125 0.5451359640625 0.3810377484375 0.545910221875 0.38404816249999996 0.5456997140625 0.3943785578125 0.541906134375 0.4034411859375 0.5441388734375 0.42184860312500005 0.5350713125000001 0.4109728890625 0.5288704125
2 0.33639057031249997 0.6242051640625 0.33984414531249996 0.623963665625 0.34355803749999997 0.602410265625 0.33502004531249996 0.6046057390625 0.33639057031249997 0.6242051640625
2 0.30320681875 0.584905625 0.30112163281250004 0.568262171875 0.30368565468750003 0.5566170374999999 0.29937056875 0.552004846875 0.2938977921875 0.5527970343749999 0.294993465625 0.559681821875 0.29132595 0.559938278125 0.2905308734375 0.5661362890625 0.2858973109375 0.5701457484375 0.2872416203125 0.5761941578124999 0.28494471718750003 0.5828751828125001 0.28524835937500004 0.587217465625 0.2902151890625 0.5923659953125 0.2988771796875 0.59551228125 0.30079073749999996 0.5953784734374999 0.30320681875 0.584905625
2 0.28562235468749997 0.6358273765625 0.2828489375 0.6425015546874999 0.283020978125 0.6449618515625 0.2881969890625 0.6462941921875001 0.2981116828125 0.6431439218749999 0.2902067484375 0.6355068046875 0.28562235468749997 0.6358273765625
2 0.316532784375 0.6329544125 0.3103170796875 0.6321259234375 0.3114752140625 0.6486879953125 0.3117917125 0.6494302515625 0.3132304859375 0.6493296421875 0.3239041296875 0.6373528875 0.316532784375 0.6329544125
2 0.32408919531249997 0.6435130734375 0.320833465625 0.640874275 0.31767104375 0.643961875 0.317806871875 0.6496375015625 0.3188824109375 0.6650184453125 0.320727053125 0.6676012171875 0.32136521875 0.6675565921875 0.32328126875 0.6583113609375 0.32408919531249997 0.6435130734375
2 0.29726498125 0.6694657484375 0.297306746875 0.67006303125 0.3017463859375 0.6751937359375 0.30257747031250004 0.6751356203125 0.3071448390625 0.6612056734375 0.29726498125 0.6694657484375
2 0.4873425703125 0.5822925484375 0.48056180312499996 0.5819477171874999 0.4776040109375 0.5829108296875 0.4781626078125 0.5908991328125001 0.4791306125 0.5938719421875 0.480219403125 0.59379580625 0.484301953125 0.5915140421875 0.4873425703125 0.5822925484375
2 0.36460758437499996 0.6394717437499999 0.366250321875 0.639356871875 0.37039924062499996 0.6258912734375001 0.367050203125 0.6175260828125 0.35699508281250003 0.62767181875 0.35714495468749996 0.629815090625 0.35885025625 0.6320222828125 0.365977996875 0.624152965625 0.36055718125 0.638864325 0.36460758437499996 0.6394717437499999
2 0.515406615625 0.8206827625 0.5133140609375 0.8247960640625 0.5139726578125 0.834214446875 0.5189696500000001 0.8338650218750001 0.5243424125 0.8298857734375 0.52852005 0.8193562875 0.520573765625 0.8199119453125 0.515406615625 0.8206827625
2 0.33597471562500003 0.6406575203125 0.3360206359375 0.6413142140625 0.346136128125 0.6346670484375 0.3458226796875 0.6301845296875 0.341714884375 0.6329287406249999 0.33597471562500003 0.6406575203125
2 0.32447031718749997 0.632932440625 0.32471449375 0.636424340625 0.32784909375 0.645174778125 0.328109296875 0.6451565828125 0.32777235 0.6320609734375 0.32447031718749997 0.632932440625
2 0.3869621890625 0.741285378125 0.38839890625 0.7411849125 0.40152324375 0.7349949312499999 0.398716821875 0.731065521875 0.39786356875 0.7311251859375 0.39202033593749996 0.7352499453125 0.38499096875 0.736840034375 0.38510449375 0.738463509375 0.3869621890625 0.741285378125
2 0.3464042046875 0.6611067484375 0.346234875 0.65452573125 0.349951559375 0.6505803875 0.3419504296875 0.6488876640625 0.3411653890625 0.648942559375 0.3399854296875 0.6532147046875 0.340221375 0.6565888671875 0.345984596875 0.661136090625 0.3464042046875 0.6611067484375
2 0.39444577187499996 0.5534082234375 0.388901096875 0.5484929937499999 0.38887392187500003 0.5484948937499999 0.387764603125 0.552511290625 0.387926490625 0.5548264078125 0.39002385 0.5546797453125001 0.39444577187499996 0.5534082234375
2 0.41579989375000004 0.6174443125 0.41621509375 0.623381953125 0.41971691718750004 0.624653915625 0.422393496875 0.6244667500000001 0.42013202656250004 0.6152730625 0.41579989375000004 0.6174443125
2 0.377545578125 0.7423627484375 0.36550862500000003 0.7494211484375 0.365571159375 0.7503154125 0.3681564765625 0.7535646093749999 0.36940749687499996 0.7534771296875 0.377555609375 0.7425062046875001 0.377545578125 0.7423627484375
2 0.271000184375 0.7752282 0.2729065765625 0.784922753125 0.2714301421875 0.792796146875 0.271550275 0.7945141390625 0.2730178765625 0.7946762890625 0.27780347656250004 0.794341646875 0.2770602625 0.7837132109375 0.271000184375 0.7752282
2 0.1884406796875 0.8155567078124999 0.18871251093750002 0.8194440625 0.1913797546875 0.8312352546874999 0.195238915625 0.8293274203125 0.1936873171875 0.81592260625 0.1884406796875 0.8155567078124999
2 0.3342178171875 0.3691398125 0.33432111249999996 0.37061700468750003 0.3362567484375 0.3704816515625 0.3427028296875 0.368382684375 0.340918240625 0.3648220265625 0.337911146875 0.36134685625 0.3342178171875 0.3691398125
2 0.3528666796875 0.6432974109375 0.351938275 0.6449535109375 0.35208970625 0.6471190906250001 0.3581519140625 0.6493210609375 0.3617015484375 0.649072846875 0.362789196875 0.644651034375 0.3528666796875 0.6432974109375
2 0.36935351875 0.6493669953125 0.366753990625 0.655233915625 0.3670778859375 0.659865853125 0.367443621875 0.6612018453124999 0.3685732609375 0.661122853125 0.3713375734375 0.6557801624999999 0.36935351875 0.6493669953125
2 0.3668360578125 0.7148215328124999 0.36442333125 0.7115013578125 0.36494486249999997 0.718959596875 0.3685250109375 0.7253451609375 0.369565059375 0.725272434375 0.3704337296875 0.7223503484375 0.3668360578125 0.7148215328124999
2 0.357421559375 0.726121590625 0.3571321078125 0.72614183125 0.355007859375 0.733649325 0.3551454671875 0.7356172171875001 0.36124985 0.73090090625 0.357421559375 0.726121590625
2 0.32917442812500003 0.45337225468750003 0.3217269015625 0.4593036453125 0.321851578125 0.46108659999999996 0.32919071093749996 0.4633883703125 0.3310526921875 0.4632581671875 0.33312689687499997 0.4571908140625 0.32917442812500003 0.45337225468750003
2 0.3159672375 0.49991345000000004 0.312371328125 0.50470755625 0.31244133125 0.505708653125 0.3159284953125 0.506606271875 0.3187555375 0.5064085859375 0.3187471875 0.5062891671874999 0.3159672375 0.49991345000000004
2 0.6943501734375 0.4570182671875 0.6923150765625 0.44921638125 0.6847599046874999 0.45097317343750004 0.6718587921875 0.44655188125 0.6676788078125 0.45638900156249995 0.6677341484375 0.4571804078125 0.683312025 0.46055421093750004 0.6857273796875 0.46038531406249994 0.6943681765624999 0.45727572812500006 0.6943501734375 0.4570182671875
2 0.32716555 0.8954696234374999 0.327176990625 0.8956332234375 0.33445415 0.8984560140625 0.343698890625 0.8978095578125 0.3328752171875 0.8914770546874999 0.32716555 0.8954696234374999
2 0.1788036375 0.7517463 0.1725771328125 0.750543721875 0.1701464625 0.7555313890625001 0.1702043578125 0.7563593421875 0.179301165625 0.76520434375 0.1809253296875 0.765090771875 0.1841004140625 0.7616132671875 0.1788036375 0.7517463
2 0.3599200296875 0.3797911625 0.365880878125 0.37702998593750003 0.3581704796875 0.375688509375 0.35846448125 0.37989294375 0.3599200296875 0.3797911625
2 0.084097509375 0.286552090625 0.091652171875 0.27600400625 0.0832235609375 0.2738344265625 0.08320827812500001 0.2738354953125 0.084097509375 0.286552090625
2 0.0679412828125 0.27950084375 0.079133028125 0.291319221875 0.080857834375 0.2764568203125 0.06793395937499999 0.2793961125 0.0679412828125 0.27950084375
2 0.0864201609375 0.264427990625 0.0807116 0.25745627656250003 0.0735838609375 0.2653255921875 0.0660214296875 0.27444501250000003 0.066059796875 0.274993684375 0.07096997031249999 0.276257596875 0.07657312187500001 0.2758657859375 0.08148879375 0.272962709375 0.0864201609375 0.264427990625
2 0.06353299999999999 0.2612581625 0.05458294375 0.25865889062499997 0.052759925 0.2639914921875 0.052864185937499995 0.2654824984375 0.056958112500000005 0.26627319374999997 0.060625628125 0.26601673593749997 0.063549359375 0.2614921234375 0.06353299999999999 0.2612581625
2 0.4266516578125 0.973457340625 0.4407435765625 0.9724719374999999 0.4447227171875 0.9667167046875 0.4400603171875 0.963121821875 0.43971560781249996 0.9631459265625001 0.43563941718750004 0.968580353125 0.42477205781249994 0.9697457843749999 0.42478895781250003 0.9699874546875 0.4266516578125 0.973457340625
3 0.237101265625 0.0247332453125 0.219721484375 0.0309285359375 0.220041734375 0.0355083328125 0.2200691171875 0.035583195312499996 0.22341543125 0.0353491984375 0.23655482656250001 0.03009488125 0.237101265625 0.0247332453125