17 0.5450264515625001 0.1563380171875 0.54604515 0.135392025 0.54429269375 0.132979975 0.5403146359375001 0.131320571875 0.541254421875 0.1590785578125 0.5450264515625001 0.1563380171875
3 0.1614479328125 0.8309936828125 0.0852798046875 0.7214409359375 0.0814059828125 0.7242554328125 0.1581283765625 0.8371435921874999 0.1614479328125 0.8309936828125
3 0.54017879375 1 0.5404574656250001 0.9997975328125 0.5415822968749999 0.9905333765625001 0.5404737 0.9890075234375001 0.523105534375 0.9775362015625 0.52483209375 0.983342653125 0.5219649484375 0.98625645 0.5135230953125001 0.9712071968749999 0.5057628750000001 0.964384965625 0.5000996171875001 0.9812864749999999 0.5002978203125 0.981559278125 0.5232199703125 0.9965589484375 0.5359112453125 1 0.54017879375 1
17 0.9219012937500001 0.6973470671875 0.9632508874999999 0.73625216875 0.970316728125 0.735687334375 0.9726179640625 0.730493984375 0.9692930531249999 0.7259176375 0.9303116078125001 0.687913853125 0.9219012937500001 0.6973470671875
17 0.7171348796875 0.5837967890625 0.721390915625 0.5844323250000001 0.7228221171875 0.5833924953125 0.720061934375 0.57959343125 0.7129872015625 0.5780879999999999 0.7171348796875 0.5837967890625
17 0.5941488765625 0.6962134062499999 0.5972721109375 0.6997175437500001 0.5981243515625 0.69909835625 0.6000696015625 0.696216234375 0.596618190625 0.6914657734375 0.5932569859375 0.68855449375 0.5941488765625 0.6962134062499999
17 0.5101192390625 0.639296028125 0.5138781015625 0.6573323234374999 0.5158276796875 0.6617307109375 0.5259069937499999 0.6627249515625 0.5278695390625 0.661299078125 0.527465421875 0.6441342609375 0.5257935203125 0.641833084375 0.5101192390625 0.639296028125
17 0.45781015312499995 0.7044747765625 0.45962513437499997 0.7022822921875 0.45876621249999994 0.7011000875 0.4517229171875 0.698223034375 0.45548892343749997 0.70616125 0.45781015312499995 0.7044747765625
17 0.563471225 0.9803150125 0.565099228125 0.98834396875 0.5653492484375 0.988688090625 0.5700899828125 0.9898563875 0.571836515625 0.98858745625 0.57140909375 0.9837373328125001 0.5703227937500001 0.9822421703125 0.563471225 0.9803150125
17 0.40857980937500005 0.9855249546874999 0.41133474375 0.983523378125 0.40394901718750004 0.9692124328125 0.38300674218749997 0.9408166171874999 0.37587075625 0.9460012156250001 0.381158846875 0.9562809343750001 0.38068075625 0.9744881421875 0.390702675 0.9917121718749999 0.394926875 0.99238121875 0.40857980937500005 0.9855249546874999
17 0.5607929281249999 0.20787013437500002 0.5629834125000001 0.2070262765625 0.5668436406249999 0.20422165625000002 0.566622878125 0.195742865625 0.5617615125000001 0.1971981265625 0.5607929281249999 0.20787013437500002
28 0.4293235578125 0.6054377984375 0.441652503125 0.5769590609375 0.43812923593750003 0.5699659203125 0.4210535328125 0.6056314859375 0.4235892625 0.6112653890625 0.42604226093750003 0.6090678359374999 0.43590493124999996 0.623500146875 0.4505460671875 0.64193691875 0.451880725 0.6411852921875 0.456213975 0.6380370015625 0.468685659375 0.6158820265625 0.47951338281250006 0.583450509375 0.47889264374999996 0.5825961359375 0.476268025 0.5812989375 0.4650732890625 0.60147740625 0.44553270312500004 0.5737245843750001 0.4397666953125 0.568360890625 0.44307332343750006 0.57634211875 0.46276678125000004 0.6073066375 0.451023984375 0.63702089375 0.4293235578125 0.6054377984375
3 0.21940757031250002 0.7785829750000001 0.219147415625 0.7780105234375 0.2032150609375 0.7560815187500001 0.2020268234375 0.7546604296874999 0.196337165625 0.757548171875 0.190800378125 0.7636476109375 0.2189149984375 0.79692530625 0.22806163124999998 0.7902798890625 0.227286409375 0.7892128875 0.22390562812499998 0.7877753078125 0.21940757031250002 0.7785829750000001
3 0.44663591875 0.937970140625 0.42477537656250003 0.9700512265624999 0.43289873281249996 0.9795170437499999 0.43779002343749995 0.9836160546875 0.43978332968749995 0.9821678328125 0.4593274765625 0.9520085281249999 0.44663591875 0.937970140625
17 0.7021864203125 0.44848704375 0.707771128125 0.44947596250000005 0.70860633125 0.44886915156249996 0.7085103921875 0.4440713265625 0.708355603125 0.443858278125 0.7020781875 0.442335496875 0.7021864203125 0.44848704375