20 0.8352914312499999 0.6923167859375 0.8628276250000001 0.6371011625 0.8328586296875 0.6146370343750001 0.8222563671875 0.6053550859375 0.7991715796875 0.5779296406250001 0.7846473203125 0.6122559562500001 0.766728875 0.6355177296875001 0.7659374078125001 0.6382779046875 0.811514290625 0.6827246671875 0.824556953125 0.7003460875 0.8257828249999999 0.7006976015624999 0.8352914312499999 0.6923167859375
19 0.8973814421874999 0.6020813796875 0.8887227265625001 0.583300509375 0.882785275 0.5677273125 0.8765160484375001 0.57598586875 0.8642294937500001 0.584595353125 0.863642184375 0.5866435453125 0.8700661328124999 0.6044892875000001 0.8862345671874999 0.6091255125 0.8875285093749999 0.599256096875 0.8973814421874999 0.6020813796875
23 0.7039217328125 0.692314640625 0.70435989375 0.6889726171875 0.6859830171875 0.6941061265624999 0.6960127703125 0.703570675 0.7451433 0.7295895609375 0.7491403625 0.7307357 0.7603815609375 0.6994883062499999 0.769562534375 0.67472635625 0.7463436078125001 0.655931609375 0.7208842578125 0.6458571281250001 0.6897709609375 0.631805225 0.6896474484375 0.632235965625 0.7092294875 0.6719903265625 0.7097950578125001 0.67908783125 0.709894296875 0.6950675453125 0.7039217328125 0.692314640625
23 0.5808093953125 0.7133514625 0.6032094734375 0.7130559812499999 0.6360971531249999 0.711736609375 0.6642066984375 0.70349886875 0.68647803125 0.69566764375 0.70479835 0.6898243828124999 0.705229571875 0.693762465625 0.7100358796874999 0.695140653125 0.709067259375 0.6785648796875 0.7089823187500001 0.6716051953125 0.6940541687499999 0.649292759375 0.6796346109375 0.6097878359375 0.6705240703124999 0.6206993234375 0.660239915625 0.613935959375 0.6290346546875 0.6275278156249999 0.6315652203125001 0.6386564375 0.6171744671875 0.6289816921875 0.5764764296875 0.62216645 0.56720315625 0.623668578125 0.5533653484375 0.6313390015625 0.552834003125 0.6331920203125 0.562270278125 0.6590113453125 0.5742721734375 0.6770170249999999 0.578855725 0.71279125625 0.5808093953125 0.7133514625
23 0.49295881406250003 0.7312356109375 0.522204290625 0.7453107546875 0.5331148531250001 0.7484393078125 0.5436512812500001 0.7485455734375 0.5522031890625 0.723256475 0.5589810078124999 0.6978054328125001 0.5647550953125 0.668598909375 0.5618711000000001 0.6559818765625 0.5538202171875 0.6359882328124999 0.5495437375 0.6191574796875 0.5408854437499999 0.6239568515625 0.5253919328125 0.6063370296875 0.510719025 0.628483896875 0.49264596093749996 0.6271159578125001 0.48537423124999995 0.6246989578125001 0.48215666874999996 0.635919934375 0.48283570937500003 0.6395606390624999 0.4800229890625 0.660253628125 0.49376428125 0.7148217828125001 0.49295881406250003 0.7312356109375
23 0.45634519687499997 0.9202575890625001 0.46080564375 0.9482376218749999 0.49493695156250006 0.9271623984374999 0.534842978125 0.912251015625 0.5766784656249999 0.8906107999999999 0.586015234375 0.8825383140625 0.5958469328125 0.8836236749999999 0.6076646484375 0.87868995625 0.62664220625 0.867833659375 0.614378340625 0.8244389062499999 0.6064123984374999 0.8114049484375 0.6061577859375 0.8023160109375 0.600340596875 0.79267233125 0.564986478125 0.811663084375 0.54315330625 0.816152284375 0.51297995 0.8279594359375 0.4973596578125 0.8352704484375 0.4758868546875 0.833967953125 0.4586529953125 0.8425979453125001 0.45815856562499996 0.844322225 0.45588495937499995 0.874699209375 0.45680438125 0.906865365625 0.46880585625000004 0.901290803125 0.45634519687499997 0.9202575890625001
28 0.3662251828125 0.11701982656250001 0.37113051874999997 0.1225876078125 0.38598760468750004 0.12338014374999999 0.3958403265625 0.11441530625 0.40341730625 0.115200903125 0.3911395625 0.086366365625 0.3761125953125 0.07165445625 0.36331953125 0.07908263125000001 0.33571108125000004 0.08659320468750001 0.3355876984375 0.0870234921875 0.3433243625 0.1007436625 0.357922878125 0.121162725 0.3599757734375 0.1217513828125 0.3662251828125 0.11701982656250001
19 0.4566486765625 0.4621902359375 0.4584509375 0.45681199531249994 0.44913498125 0.4430441625 0.442257503125 0.42893525 0.42620248125 0.445585128125 0.42576931093750003 0.44709576875 0.4348718515625 0.4555990671875 0.44287713437500004 0.46086373125 0.44795734062500003 0.4623204578125 0.4566486765625 0.4621902359375
19 0.34143528437500004 0.5260203765625 0.34690516875 0.5292468171875 0.349602909375 0.5300203828125001 0.35030571875 0.5268301015625 0.358723696875 0.521961821875 0.3516202 0.5168040281249999 0.34143528437500004 0.5260203765625
19 0.29861744843750004 0.467416725 0.28987968125 0.478842178125 0.2894200515625 0.4804451 0.29221408437499996 0.4843059796875 0.3035729125 0.476437646875 0.30372145 0.475919634375 0.29861744843750004 0.467416725
28 0.23988137968749998 0.44199195781249995 0.232762034375 0.43995051875 0.23215907812499997 0.44205327812500006 0.235810525 0.4616306484375 0.236497140625 0.46182753125 0.2438820109375 0.44799385156250005 0.23988137968749998 0.44199195781249995
19 0.1259605015625 0.44077305781250004 0.09641137968749999 0.45629867500000004 0.09617095 0.45713715 0.11150003281250001 0.46987282031250005 0.115327853125 0.47097042968749997 0.14435167499999998 0.4446595765625 0.1259605015625 0.44077305781250004
26 0.5437295093750001 0.181518121875 0.5282337703125 0.1974646578125 0.5276870890625001 0.1993711609375 0.528937440625 0.20108425 0.52970995625 0.201305765625 0.544401046875 0.1855251140625 0.5437295093750001 0.181518121875
13 0.529950065625 0.20451718749999998 0.5321692515625001 0.1940570015625 0.5271720359375001 0.18880964375 0.5242424875 0.188709196875 0.5208123546875 0.20067148750000002 0.52080399375 0.20466872500000002 0.523183521875 0.2059362125 0.5271199421875 0.2070649625 0.529950065625 0.20451718749999998
28 0.7666669781250001 0.6268550296875001 0.77673835625 0.623511990625 0.7807175421875 0.6159838421875 0.774815621875 0.611170596875 0.7700868953125 0.6004519609375001 0.749685215625 0.6042571531250001 0.7490730250000001 0.6063921156250001 0.7543324640625 0.6163936718749999 0.7625031890625 0.6187365890625001 0.7652491484375 0.6264484734375 0.7666669781250001 0.6268550296875001
23 0.8554134859375001 0.75070850625 0.867704684375 0.741402590625 0.8675985078125 0.732702984375 0.869457325 0.72803449375 0.86684181875 0.7099461859375 0.8544867046875 0.702242215625 0.8406402890625 0.697925053125 0.8327454124999999 0.7064109953125 0.833289959375 0.7235586984375 0.8203094203125 0.7491002124999999 0.8189037015625 0.7540025359375 0.8226189828124999 0.7615581625 0.825865434375 0.76248906875 0.8463029453124999 0.76161999375 0.8554134859375001 0.75070850625
23 0.7470393453125 0.741143078125 0.743547728125 0.7415289406250001 0.7245415734375 0.7343451812499999 0.7057073890625001 0.7292826625 0.7040053281249999 0.735218453125 0.7027861953125 0.741284053125 0.7255277359375001 0.766227053125 0.7267524359374999 0.76657823125 0.7470393453125 0.741143078125
23 0.22659890312500003 0.9224209828125 0.23298817968750002 0.9083018218750001 0.23043637968750003 0.8954332765625 0.2175087546875 0.8879119093750001 0.21607379999999998 0.8802183484375 0.20846843750000002 0.8731828140625 0.203874271875 0.8774137218750001 0.2046448375 0.88561030625 0.20010028906250002 0.897831071875 0.192926359375 0.9065237406250001 0.18518685625 0.9081189046875 0.1805148984375 0.9099001421875 0.1684778921875 0.9047147515624999 0.1614593359375 0.9065166453125 0.1488605421875 0.9082788796875001 0.146738134375 0.9156805968749999 0.14663778125 0.9164840609375 0.19287418437499998 0.9304573390625 0.214119890625 0.9365494484375001 0.22659890312500003 0.9224209828125
23 0.0907119890625 0.5726557453125001 0.0990662609375 0.5625677015625 0.0949806890625 0.549606121875 0.07143671562500001 0.5355729 0.059569590625 0.5443068828125 0.0442243671875 0.5362601687499999 0.038685428125 0.555576746875 0.039020378125 0.5758761078125 0.045850040625 0.5778344828125 0.06657469218749999 0.5806454453125001 0.0907119890625 0.5726557453125001
27 0.348569578125 0.4419488140625 0.386394509375 0.4230813859375 0.38376920625 0.40977998125 0.3828257 0.409509434375 0.3489092609375 0.42603593125000006 0.34590053125 0.43652861875 0.3473065546875 0.4415866484375 0.348569578125 0.4419488140625
27 0.3658633671875 0.351037634375 0.3644496484375 0.3450839921875 0.361947465625 0.3402053046875 0.33672885468749997 0.3537799734375 0.3289955421875 0.361564528125 0.32970115 0.3617668578125 0.3480095921875 0.3597888046875 0.36421669218749997 0.3613152171875 0.3690652609375 0.35438312656250004 0.3658633671875 0.351037634375
27 0.315797840625 0.46260115312499994 0.31873797187499997 0.45234769375 0.3121432796875 0.44178753593750003 0.302770978125 0.4391000703125 0.29257933281250004 0.467386646875 0.2894254765625 0.4690888203125 0.2887417421875 0.4714732828125 0.2908438765625 0.47578573906250005 0.2910020125 0.47583108437500005 0.298290346875 0.46833072031249995 0.315797840625 0.46260115312499994
28 0.680228865625 0.46667866093750004 0.6799460796875 0.463129909375 0.6736341734375 0.456118503125 0.6614313109375 0.4698780484375 0.6601051015625 0.47450308750000003 0.660590859375 0.47615357031250005 0.663185515625 0.476897575 0.6722986671875 0.476194775 0.680228865625 0.46667866093750004
16 0.5473649765624999 0.506126209375 0.5412752109375 0.5204479562500001 0.5381551640625 0.5313288515625 0.565571546875 0.549686228125 0.5670845578125 0.5501200765625 0.58037313125 0.522526475 0.5473649765624999 0.506126209375
23 0.56815990625 0.6235744828125 0.5763257734375 0.621104621875 0.5771312390625 0.6046907953125 0.5838316875 0.6003703203125 0.5965114265625 0.579732525 0.59554280625 0.5631567515625 0.5893652484375 0.5593047671875 0.5844599125000001 0.5537369875 0.56873344375 0.5523483921875 0.56108603125 0.5654132578125 0.5588678625 0.5668000125 0.5567014968749999 0.5743550265625 0.5553047953125 0.5901097671875 0.56885455 0.605438390625 0.5675260734375 0.623392734375 0.56815990625 0.6235744828125
23 0.6312384640625 0.5971674921875 0.623675571875 0.5936118031250001 0.607751259375 0.5956341421875 0.602878190625 0.60605288125 0.600090425 0.615774975 0.599222978125 0.6211034 0.6187918203125 0.626714675 0.6380452984375 0.6133367484375001 0.6312384640625 0.5971674921875
23 0.5453462265625 0.58402493125 0.5418689062500001 0.5934308203125 0.5384975515625 0.599746196875 0.53774149375 0.612359759375 0.533960153125 0.616476975 0.5405689328125 0.6242670421875001 0.5494675421874999 0.61953658125 0.5522938890625 0.63040325 0.55433293125 0.6309879359375 0.566289621875 0.624360234375 0.5677735640625 0.6046732921875 0.547770615625 0.5864539453125001 0.5453462265625 0.58402493125
23 0.5943489765625001 0.6132364406249999 0.5845029828125 0.60313105 0.5771579234375 0.6050512328125001 0.5769533640625 0.6057646140624999 0.5777472234375 0.6181962624999999 0.5988537765624999 0.6242484687500001 0.5989858234375001 0.6242754953125 0.5943489765625001 0.6132364406249999
19 0.384111409375 0.6764548359375 0.3879891203125 0.676125503125 0.392363996875 0.6617754875 0.38684346875000003 0.6411203453125001 0.3591885796875 0.6452782953125 0.356822478125 0.65352986875 0.356528825 0.65704818125 0.36937171874999997 0.669399984375 0.37695263749999997 0.6744020921875 0.384111409375 0.6764548359375
27 0.3286713578125 0.8764154546875 0.3289538421875 0.8754303140624999 0.3147678140625 0.8542711203125 0.29430568125 0.8494439968749999 0.285083078125 0.864034128125 0.28399451875000004 0.8678303875 0.2946031859375 0.8855930171875 0.3081998734375 0.896882265625 0.31300173125 0.8982591765624999 0.3286713578125 0.8764154546875
27 0.6541356890625 0.5481530015625 0.6468202609375 0.549176234375 0.6408691421875 0.5599533734375 0.6263171468750001 0.558323609375 0.6243666296875 0.5651258718750001 0.6236693921875001 0.5728473890625 0.625871171875 0.5734787390625 0.645428196875 0.5685427562500001 0.6541356890625 0.5481530015625
28 0.626913134375 0.5535241890625 0.6262843359375 0.555717065625 0.633843009375 0.5578844796875 0.6413886171875001 0.558368496875 0.6447642171875 0.5524011062499999 0.6442727625 0.551096040625 0.64560811875 0.5509092578125 0.645530115625 0.5366694640625 0.644366553125 0.5377228875 0.6442887749999999 0.536010096875 0.635599390625 0.5313945109375 0.6304044875 0.538400675 0.6299600984375 0.5399504484375 0.6338945015624999 0.54720366875 0.6280766953125 0.5524707671875 0.6282484890625 0.5533374078125 0.626913134375 0.5535241890625
19 0.36553938124999996 0.5018206593750001 0.351543425 0.5094457343750001 0.35909878281249996 0.5116121984374999 0.36715094531250003 0.5043633671875 0.3833439578125 0.5086598734375001 0.3792089765625 0.49949855625 0.36553938124999996 0.5018206593750001
26 0.1101156078125 0.46563045000000003 0.12677506875 0.458064240625 0.12725614062499999 0.4640311625 0.128408215625 0.46293591875000006 0.1285527265625 0.46343971249999993 0.12956029062500002 0.46184067500000003 0.1298493140625 0.4628482640625 0.162151775 0.4481131953125 0.16220585468749998 0.4479245953125 0.16009399062500002 0.4429318140625 0.15624949999999999 0.44467786406250004 0.1561288421875 0.444915725 0.154968003125 0.44525987968749997 0.1548071265625 0.44557702812500005 0.15368650625 0.44584189687500003 0.153485409375 0.4462383328125 0.15240500937499998 0.44642391249999996 0.15216369375 0.44689963437499997 0.1511235125 0.447005928125 0.150841978125 0.44756093906250005 0.149842015625 0.44758794531249996 0.14952026093749998 0.4482222421875 0.14856051718750002 0.4481699625 0.1481985453125 0.448883546875 0.1472790203125 0.44875197812499995 0.146876828125 0.44954484843750003 0.14599752500000002 0.44933399375 0.1455551125 0.4502061515625 0.144716028125 0.44991601093750005 0.144233396875 0.45086745468749995 0.14343452968749998 0.4504980265625 0.14291167968750002 0.45152875937500003 0.1421530328125 0.45108004375000005 0.1415899640625 0.4521900625 0.1408715359375 0.451662059375 0.140268246875 0.45285136562500006 0.1395900375 0.452244075 0.13894653125 0.45351266875 0.1383085421875 0.4528260921875 0.137624815625 0.45417397187499997 0.1370270453125 0.4534081078125 0.10484926875 0.4679512953125 0.09887995468750001 0.4703644484375 0.098528834375 0.47158895312500004 0.10009372968750001 0.47310398749999993 0.1032273890625 0.47400254999999997 0.111042103125 0.46978485625 0.1101156078125 0.46563045000000003
28 0.7007729312500001 0.841951734375 0.69669450625 0.83350016875 0.6831449640625 0.8299616656250001 0.676769878125 0.8472057953125001 0.6762969703125 0.8488550203124999 0.6881333484375001 0.8579088609375001 0.6918125046875 0.8589638421875 0.700511590625 0.8519330234375 0.7007729312500001 0.841951734375
28 0.222248775 0.8507475 0.21715291250000002 0.837908009375 0.2096473703125 0.8380070171874999 0.2093767359375 0.8389508359375 0.2155940546875 0.8573242328124999 0.21630231718749998 0.8575273234375 0.22178665937500003 0.852359090625 0.222248775 0.8507475