12 0.46344868281249996 0.3467838734375 0.4657574984375 0.335177209375 0.46387723750000004 0.32804237812500003 0.41669024062500004 0.298616059375 0.41312356250000004 0.2942673796875 0.413193515625 0.3017214171875 0.40737097499999997 0.31104405625 0.401936028125 0.3217708890625 0.40371205468750004 0.3318432421875 0.4081662890625 0.3349621328125 0.455054190625 0.3508513546875 0.458009996875 0.3503301671875 0.46344868281249996 0.3467838734375
12 0.3639681078125 0.5469088921874999 0.3742255390625 0.552151803125 0.3823457890625 0.483522634375 0.383537628125 0.4638169546875 0.3758557546875 0.44318715781250007 0.3691819984375 0.44768230937500003 0.364104765625 0.457703128125 0.363218571875 0.44914862031249997 0.3651897109375 0.44091988437499996 0.3597417890625 0.4364881203125 0.34843536875000003 0.44470372343750003 0.3454691796875 0.461403884375 0.3348750546875 0.452487153125 0.3250070921875 0.5243488203125 0.325802590625 0.528860315625 0.33855285625 0.5509754874999999 0.3427769078125 0.5502306734375 0.349095990625 0.54372406875 0.3639681078125 0.5469088921874999
2 0.45499829375 0.424744221875 0.45518130625 0.42578213125 0.46599185 0.436185975 0.46677212656249994 0.436048390625 0.4675191671875 0.4292384109375 0.45499829375 0.424744221875
2 0.46456253593749997 0.4840361234375 0.4607975875 0.47765878281249996 0.443986296875 0.461270953125 0.4484998203125 0.4868684140625 0.46456253593749997 0.4840361234375
2 0.2516420625 0.5536799640625001 0.2607115828125 0.5504215671875 0.268023753125 0.549547034375 0.2696591796875 0.5305927328125 0.26675085625 0.5140988125 0.26013300156249997 0.499503378125 0.25292674531250003 0.5045072234375 0.2364571234375 0.502848478125 0.23548005156250001 0.5096575375 0.2339874765625 0.5223646703125 0.2312890125 0.5282328640625 0.22804505156250002 0.532330646875 0.228736665625 0.5362529859375 0.2342143328125 0.550116165625 0.24326274531249997 0.5595491421875 0.24467318749999997 0.5593004421875001 0.2516420625 0.5536799640625001
2 0.1413822265625 0.6278336640625 0.1440806921875 0.6219654718750001 0.12709753125 0.6121013093750001 0.1197664015625 0.621689953125 0.11419360625 0.6218429890625 0.11175279687499999 0.6286431203125 0.11257253593750001 0.6332920921875 0.1203979015625 0.6430910875 0.1328986296875 0.640886871875 0.1380273703125 0.6317436015625 0.1413822265625 0.6278336640625
2 0.2479749125 0.42703012031250004 0.2500084765625 0.41923628593749995 0.2401766546875 0.41640711875 0.23997626093750002 0.4284404984375 0.2479749125 0.42703012031250004
2 0.3405322421875 0.3964424265625 0.3418694140625 0.4040259 0.3456886984375 0.40504073125 0.3484780421875 0.4045488953125 0.3477231953125 0.3972622890625 0.3405322421875 0.3964424265625
2 0.35659134375 0.3170839171875 0.3680394234375 0.3185962828125 0.3686272484375 0.31849263437499997 0.36438404062499996 0.3065842890625 0.3633729765625 0.30261458281250003 0.3632690265625 0.2843817796875 0.354787396875 0.2780946640625 0.354665646875 0.27811613125 0.35231728125 0.2946088359375 0.352297559375 0.3101995171875 0.352340278125 0.3104417875 0.35659134375 0.3170839171875
2 0.3997186875 0.3901784421875 0.400190403125 0.392853675 0.4044945703125 0.39943148281249996 0.4065073265625 0.3990765796875 0.41395978125 0.387667353125 0.3997186875 0.3901784421875
2 0.41445173906250005 0.46799965625000006 0.3949830078125 0.4622999296875 0.395853159375 0.4672348046875 0.3967392875 0.46987844531249995 0.4099455515625 0.47304071875 0.41096588125 0.4728608078125 0.41445173906250005 0.46799965625000006
2 0.323862946875 0.481955946875 0.3160299671875 0.49143317187499996 0.3166796609375 0.49511776249999995 0.3228178546875 0.501096515625 0.3294190921875 0.49993253906249996 0.3301990265625 0.480838725 0.323862946875 0.481955946875
2 0.4494244625 0.5251934859375 0.44896793593749995 0.5345136203124999 0.450321521875 0.5421901890624999 0.452136978125 0.5458699171875 0.45818833750000004 0.55019528125 0.46062300624999997 0.5269520671875 0.4494244625 0.5251934859375
2 0.5529994890625 0.6366223359375 0.5548342484375001 0.63629881875 0.558817975 0.6247649562500001 0.536847475 0.6166097921875 0.5270856046875 0.6212346625 0.5087570453125 0.630646378125 0.5091480484375001 0.6328638718749999 0.5176944234375 0.640312115625 0.5341110890625 0.6399062062499999 0.5374659453125 0.6359962671875 0.5529994890625 0.6366223359375
2 0.6722100390625 0.6096603109375 0.659538865625 0.6048430078125 0.6585512953125 0.61635621875 0.658820396875 0.61788236875 0.6645951718750001 0.61763979375 0.668702065625 0.6209806625 0.67028220625 0.620702040625 0.6722100390625 0.6096603109375
2 0.39340721093750003 0.6351772609374999 0.39355104375 0.6218783484375 0.3975992328125 0.6095501875 0.3868982125 0.6035558953125 0.376764671875 0.6007799296874999 0.3780901046875 0.6094436453125 0.3818453375 0.6307406328125 0.3908619140625 0.660451753125 0.39307408125 0.6600616875 0.3947350265625 0.6585866421875 0.39340721093750003 0.6351772609374999
2 0.34001108593749996 0.612300378125 0.34694665156250004 0.6081064578125 0.3545974765625 0.596802246875 0.3581291796875 0.5974239078125 0.363295328125 0.586143015625 0.3554686375 0.5858638796875 0.35552257656249997 0.5808767875 0.36175274375 0.57563025625 0.3554166640625 0.5767474781249999 0.352844053125 0.5709791203125001 0.346880628125 0.5724454328124999 0.3388591109375 0.569297059375 0.3215912296875 0.56487548125 0.3118463546875 0.574889734375 0.3121796265625 0.5865718265625001 0.3147121890625 0.60093470625 0.3190647 0.6105340078125 0.32745886875 0.6140314703125 0.3316333765625 0.6137775953125 0.34001108593749996 0.612300378125
2 0.43099149062500003 0.7057337593749999 0.4338368234375 0.7024995671875 0.4315669125 0.6896262625 0.4205631921875 0.69073691875 0.41277535781249997 0.69817655 0.4128817609375 0.6987799906250001 0.4166568703125 0.7038696609375 0.4236143671875 0.700983675 0.42905043750000005 0.7060760203124999 0.43099149062500003 0.7057337593749999
2 0.41447836875000005 0.538018125 0.397831903125 0.5318277796875 0.39513245625 0.5447477187499999 0.3923810359375 0.54855125625 0.3871808921875 0.549053384375 0.386353584375 0.5573293046875001 0.3864883625 0.5580936624999999 0.3894602796875 0.5575696328124999 0.399337546875 0.5527170156250001 0.40858391406249994 0.5539902203125 0.42594267500000005 0.5430482328124999 0.41447836875000005 0.538018125
2 0.3502698140625 0.640626596875 0.35367922812499997 0.6400254249999999 0.35511983125 0.6182018890625 0.3468580984375 0.6212777984375 0.3502698140625 0.640626596875
2 0.31315992656249997 0.6050109906250001 0.30934645 0.5886766734375 0.3106791765625 0.5768273203125001 0.30590562499999996 0.5726914453124999 0.3005456359375 0.5740513546875 0.3023549625 0.5807838953125 0.29873434374999996 0.5814223078125 0.29859149218750003 0.5876694734375 0.29440241562499997 0.5921413078125 0.296371590625 0.5980160640625 0.294785628125 0.6049005828125 0.2955414984375 0.6091873375 0.3010192875 0.6137884890625 0.30996270312499996 0.616012115625 0.31185179218750003 0.6156790171875001 0.31315992656249997 0.6050109906250001
2 0.30099456562500004 0.6574918656250001 0.29893398125 0.6644193828125 0.29936225156249996 0.66684821875 0.304649175 0.6676322203125 0.3141802625 0.663462840625 0.3055203359375 0.65669385 0.30099456562500004 0.6574918656250001
2 0.3314353578125 0.6514036203125 0.32516710312499997 0.6512293875 0.3280501 0.6675796734375 0.3284424515625 0.6682847796875 0.3298628265625 0.6680343296875 0.3392260875 0.6550074859375 0.3314353578125 0.6514036203125
2 0.3400540546875 0.6611145796875 0.33654033125 0.6588305546875 0.333717975 0.6622318015624999 0.334446321875 0.6678621390624999 0.3371237171875 0.6830464 0.3392282265625 0.6854222046875 0.3398582328125 0.68531111875 0.3407973953125 0.6759162515625 0.3400540546875 0.6611145796875
2 0.316089578125 0.6897289765625 0.31619354843749997 0.6903186234375001 0.32114517187499997 0.6949571515625 0.32196562968750003 0.6948124828125 0.3250519015625 0.6804814265625 0.316089578125 0.6897289765625
2 0.4960138234375 0.5831648031250001 0.48923415625000005 0.58353064375 0.486393240625 0.5847976546875 0.4877837828125 0.59268380625 0.4890572265625 0.595539146875 0.4901320953125 0.59534961875 0.4939537703125 0.5926536109375 0.4960138234375 0.5831648031250001
2 0.3799280453125 0.6528600640625 0.3815497765625 0.6525741093749999 0.38426842968749997 0.638748596875 0.3800633375 0.6307793 0.37112381875 0.6419205046875 0.3714969015625 0.6440363687499999 0.37342357656249997 0.6460532171875 0.379689703125 0.63748195625 0.3758363390625 0.6526793546875 0.3799280453125 0.6528600640625
2 0.5488426937499999 0.8173155984375 0.5471915578125001 0.8216250984375 0.5488310375000001 0.83092304375 0.5537641296875 0.83005320625 0.5586915140625 0.82553415 0.5617456359374999 0.8146256624999999 0.553900965625 0.8160088906249999 0.5488426937499999 0.8173155984375
2 0.35157597812499997 0.6570322953125001 0.3516902890625 0.657680590625 0.36105555 0.65001248125 0.36027526875000004 0.645587284375 0.3564768234375 0.64874584375 0.35157597812499997 0.6570322953125001
2 0.3393271109375 0.6505520703125 0.339934953125 0.6539993187500001 0.3439670515625 0.662374165625 0.3442239265625 0.662328871875 0.3425199609375 0.649340221875 0.3393271109375 0.6505520703125
2 0.4128026125 0.7517792609375 0.41422095625 0.7515291671875 0.42662636875000004 0.7440012281249999 0.4234245859375 0.7403866953125 0.42258224375 0.7405352234375 0.417202175 0.7452481703125 0.4103775265625 0.7475643171875 0.41066012812499997 0.7491670312500001 0.4128026125 0.7517792609375
2 0.364085859375 0.676279321875 0.363229553125 0.66975205625 0.3665134765625 0.665439825 0.35837924062500004 0.6645927203124999 0.35760423750000003 0.6647293734375 0.3568773046875 0.6691014562500001 0.3574646515625 0.672432471875 0.36367161875 0.6763523640625 0.364085859375 0.676279321875
2 0.4006066890625 0.56414906875 0.39457860624999996 0.5598403421875 0.394551778125 0.5598450734375 0.3938683640625 0.563955421875 0.3942713625 0.566240934375 0.3963419 0.5658758421875001 0.4006066890625 0.56414906875
2 0.428537425 0.6256022484375 0.42957100312499996 0.6314639609375 0.43318659843749996 0.632362915625 0.43582895156249996 0.631896996875 0.43261886875 0.6229900609375 0.428537425 0.6256022484375
2 0.4035502015625 0.7538350328125001 0.3923169921875 0.76211296875 0.392472659375 0.7629957984375 0.3953834484375 0.7659569578125 0.3966184703125 0.7657391890625 0.40357517343750005 0.7539766546875 0.4035502015625 0.7538350328125001
2 0.30102385 0.79765746875 0.30393315468750004 0.80709964375 0.30328780312500003 0.815084234375 0.3035868578125 0.8167802578125001 0.3050633671875 0.8167881140625 0.309787771875 0.815955075 0.30793765624999997 0.8054625484375 0.30102385 0.79765746875
2 0.22313209218750002 0.8463948718750001 0.2238087734375 0.8502325171875 0.2276939203125 0.8616803125000001 0.23133251718749998 0.8593795375 0.22838823437500003 0.8462103437499999 0.22313209218750002 0.8463948718750001
2 0.321447375 0.3871856359375 0.3217045140625 0.38864393750000004 0.323615396875 0.38830699687500003 0.3298067640625 0.3855457296875 0.3276597609375 0.38219111875 0.3243058875 0.3790493109375 0.321447375 0.3871856359375
2 0.36865135000000004 0.6578920328125 0.367901140625 0.6596361046875 0.36827810781250003 0.6617739921875 0.3745372734375 0.6633302265625 0.3780415171875 0.662712334375 0.3786610015625 0.6582010546875 0.36865135000000004 0.6578920328125
2 0.385682315625 0.662205021875 0.38371028749999997 0.668311528125 0.38451657968749997 0.6728842359375 0.3850199609375 0.6741746796875 0.3861351546875 0.673978040625 0.3883258609375 0.66837566875 0.385682315625 0.662205021875
2 0.3900205078125 0.7275641390625001 0.3872739453125 0.7245143515625 0.38857221875 0.73187721875 0.392800228125 0.737853575 0.3938269765625 0.73767253125 0.394385446875 0.7346756531249999 0.3900205078125 0.7275641390625001
2 0.3818387609375 0.739786378125 0.3815530109375 0.7398367625 0.38022514687500003 0.747525175 0.3805677015625 0.749467903125 0.3861456546875 0.744139346875 0.3818387609375 0.739786378125
2 0.3252363015625 0.471483821875 0.3184495734375 0.478161196875 0.3187599359375 0.47992135312500006 0.3262994640625 0.48144336406250005 0.3281376359375 0.4811192453125 0.32956626718750004 0.47486831562500004 0.3252363015625 0.471483821875
2 0.316966340625 0.5191505859375 0.3138912515625 0.5242943046875 0.3140655140625 0.5252825999999999 0.31762740156249997 0.5258107937500001 0.32041829375 0.525318684375 0.32039750625 0.5252007937500001 0.316966340625 0.5191505859375
2 0.6887926875 0.43693860156250003 0.6859532203125001 0.4293921796875 0.6786230718749999 0.43192907812500003 0.66533048125 0.428880540625 0.6622016546875 0.4391007 0.6623394171875 0.43988198437500003 0.678184615625 0.441608975 0.6805690828125 0.4411885296875 0.6888375046874999 0.43719276875 0.6887926875 0.43693860156250003
2 0.36945018749999997 0.9113693187499999 0.369478665625 0.911530828125 0.377011021875 0.9135774828125 0.386137546875 0.91196823125 0.3747112390625 0.9068017984375001 0.36945018749999997 0.9113693187499999
2 0.20687783906249999 0.78394136875 0.20055973906250002 0.7833962265625 0.1986637375 0.7886106453124999 0.1988078609375 0.7894280109375 0.2087793890625 0.7972736828125 0.21038278593749998 0.7969909609375 0.213176978125 0.793200621875 0.20687783906249999 0.78394136875
2 0.34812215625 0.3950920234375 0.35376173125 0.39172289375 0.345953346875 0.391194721875 0.346685221875 0.39534539375 0.34812215625 0.3950920234375
2 0.064064484375 0.33119502968750003 0.07047518750000001 0.3199150515625 0.061865965625 0.3186383859375 0.061850878124999994 0.318641046875 0.064064484375 0.33119502968750003
2 0.0472597078125 0.32587119531250003 0.0596255 0.336454975 0.0597873140625 0.3214937 0.0472414765625 0.32576780312500003 0.0472597078125 0.32587119531250003
2 0.06406181562499999 0.30894934375 0.0576557828125 0.302612528125 0.0513896578125 0.3111837875 0.04482189375 0.321043740625 0.0449174015625 0.32158539531249997 0.049932792187500005 0.32232913124999996 0.055464293750000004 0.321353778125 0.0600495828125 0.3179527765625 0.06406181562499999 0.30894934375
2 0.04096869375 0.308189240625 0.0317959703125 0.30653974375000004 0.0305403453125 0.3120336890625 0.030799889062500002 0.3135056296875 0.0349540390625 0.31386406093749997 0.0385746546875 0.3132256484375 0.0410094203125 0.30842020937500003 0.04096869375 0.308189240625
2 0.4765432359375 0.97853068125 0.4904549546875 0.97607766875 0.4938107109375 0.9699380312500001 0.48879808437500005 0.9668501953125 0.488457784375 0.9669102 0.484971975 0.9727409328125001 0.4742859703125 0.9750359296875001 0.4743280375 0.9752745078125 0.4765432359375 0.97853068125
3 0.1888625484375 0.054817207812500005 0.172225559375 0.062795240625 0.17302277500000002 0.0673164734375 0.1730578328125 0.0673880640625 0.17636135625 0.0668055640625 0.188879546875 0.060206590625 0.1888625484375 0.054817207812500005