6 0.8596928125 0.3180912546875 0.8598508 0.3180077109375 0.86175223125 0.31644771718750003 0.8661982015625 0.3118786359375 0.859558840625 0.306794571875 0.855599971875 0.3030656359375 0.8541298859375 0.301902221875 0.8546771328125 0.301058321875 0.8534667328125 0.3008666140625 0.8497117921875 0.3036839953125 0.8472631093749999 0.30608788750000004 0.8438637109375 0.3092717734375 0.84151948125 0.3114078671875 0.8414000625 0.3121618453125 0.8424816484375001 0.3127751734375 0.847938484375 0.31488021875 0.85299525 0.3170304640625 0.8596928125 0.3180912546875
6 0.28880917031250003 0.4175093796875 0.29283743906250004 0.41510751875 0.29388400937500003 0.413722321875 0.2936722515625 0.412448015625 0.28516716249999996 0.400864621875 0.28455193749999996 0.3995264140625 0.28429224999999997 0.39855470937500004 0.28146797968750004 0.3981073890625 0.278855465625 0.3989343734375 0.275292234375 0.40054135312500005 0.2712296828125 0.4026896296875 0.26932825 0.404249621875 0.26817980937499997 0.4054946078125 0.26772090625 0.4083920109375 0.2690128078125 0.4088525359375 0.2705787515625 0.40941074843749997 0.28010233906250004 0.41613035312499996 0.28880917031250003 0.4175093796875
23 0.4405795265625 0.9469114703124999 0.4465034140625 0.9382337828124999 0.4081495609375 0.9166495546875 0.39225832656250004 0.907308415625 0.386026828125 0.9153169984374999 0.3663816125 0.9401227375 0.358296609375 0.9493887109375001 0.34196276718749996 0.9663437500000001 0.33836002187499997 0.9712032046875001 0.33799776718749996 0.973490396875 0.346165665625 0.9815884265625 0.403054578125 0.9905987453125 0.42585955468750003 0.9641221203124999 0.4405795265625 0.9469114703124999
20 0.4427686875 0.9781998015625 0.43999234062500003 0.9774498812499999 0.437195946875 0.9742152515625 0.4255511453125 0.9667874484375 0.419990628125 0.9705596234374999 0.41709055156249997 0.9732022109375 0.41250079843750004 0.9786790953125 0.41349161562500003 0.982868515625 0.41491377656250006 0.9843345296875 0.41331995624999995 0.9865636249999999 0.40666885312499995 0.9893875890625001 0.406594565625 0.98985661875 0.4592653234375 0.998198846875 0.46938971250000006 0.9876894140625 0.464268365625 0.9834661671875 0.44780200625 0.977756234375 0.4427686875 0.9781998015625
3 0.301909346875 0.8071685484375 0.30239580781250003 0.804097153125 0.2908522015625 0.8017099953125 0.29027939687500004 0.8053265453125 0.301909346875 0.8071685484375
3 0.3057887171875 0.8172748421874999 0.3102470296875 0.81798096875 0.32031924375 0.8165363734375 0.3189929375 0.8144651578125 0.30599150937499997 0.8159944609374999 0.3057887171875 0.8172748421874999
3 0.32157588593750003 0.8249554828125 0.32057176875 0.8211982234375 0.3201952015625 0.8211385812499999 0.30794395625000004 0.8236436078124999 0.3076530984375 0.8254800140624999 0.31168609062499997 0.8261187781249999 0.32157588593750003 0.8249554828125
3 0.31203845937499997 0.8277565640625 0.31402049375 0.8280704875 0.32174785 0.8278519890625 0.3214201859375 0.824698178125 0.3123969140625 0.8254933624999999 0.31203845937499997 0.8277565640625
3 0.340061621875 0.8306130203125001 0.34047416406250003 0.8306783609374999 0.35419663749999997 0.8270512046875 0.3530620390625 0.8237695859375 0.34057406874999996 0.8273775578125001 0.340061621875 0.8306130203125001
3 0.33726115624999997 0.754777421875 0.329099978125 0.75998720625 0.3286542546875 0.7628013921875 0.3299653078125 0.7641528734375 0.330001 0.7641585265625 0.33929854375 0.75758164375 0.33726115624999997 0.754777421875
3 0.3312443015625 0.71648385 0.331055828125 0.717673825 0.3400523578125 0.7230371328125 0.3464599265625 0.7240519921875 0.333280396875 0.7146285328124999 0.3312443015625 0.71648385
3 0.243407975 0.676044103125 0.24037194374999998 0.6743224765625 0.23557043281249998 0.67852505625 0.23236008125000002 0.6815925125 0.2321908375 0.6826610718749999 0.23399935156249999 0.6840923125 0.2350080203125 0.6842520703125 0.2403161890625 0.67989709375 0.243407975 0.676044103125
3 0.25327467656249997 0.483070221875 0.253813028125 0.4752145875 0.250969865625 0.4742010828125 0.2496559109375 0.48249706562499994 0.25327467656249997 0.483070221875
3 0.32672495156250003 0.7250414890625 0.326502090625 0.7264485796875 0.330021859375 0.727466175 0.33472751562499997 0.7238687968749999 0.33088455 0.7220193640625 0.32672495156250003 0.7250414890625