14 0.355584284375 0.300588559375 0.36053749375 0.305719359375 0.3668474921875 0.311812853125 0.3732370625 0.3162454859375 0.3781287078125 0.31749388437500004 0.382781634375 0.32372486718750004 0.389518534375 0.32779782968750004 0.379648134375 0.3064497046875 0.3736564296875 0.2937127640625 0.370870259375 0.2760779328125 0.3600484734375 0.2659749953125 0.329110075 0.2451341953125 0.32620369375 0.245855075 0.3251703890625 0.24692509375 0.3257924390625 0.2540943234375 0.34517745781250003 0.2940142140625 0.352772071875 0.3013482453125 0.355584284375 0.300588559375
3 0.293430521875 0.4130345390625 0.2924609734375 0.41350580312499996 0.2899172234375 0.41613993281250006 0.2914032703125 0.4180276625 0.2927835828125 0.41936061562500004 0.2982896390625 0.41668431093749997 0.293430521875 0.4130345390625
3 0.2634145359375 0.4098446625 0.26280671093749997 0.410474084375 0.2643329203125 0.41789087656249996 0.2650275765625 0.4171715390625 0.267163596875 0.41117131718750005 0.2634145359375 0.4098446625
3 0.1894039171875 0.46071652343749997 0.19921792031250002 0.4604192078125 0.19159817968749998 0.45410353125 0.1828633859375 0.4544004046875 0.1894039171875 0.46071652343749997
3 0.047359217187500004 0.5707340140625 0.040574371875 0.5663752734374999 0.0387831859375 0.5682301015625 0.034322475000000005 0.5781281796875 0.0395524234375 0.5831786828125 0.0401030859375 0.582608453125 0.047359217187500004 0.5707340140625
3 0.030354503124999998 0.5721242234374999 0.0260522296875 0.5679695671875 0.014142296874999998 0.5738453234375 0.0222998078125 0.5817229390625 0.0340612765625 0.576572665625 0.030354503124999998 0.5721242234374999
3 0.030125687499999998 0.569731128125 0.027525734375 0.5672203828125 0.019279146875 0.55977805625 0.0108564140625 0.5685000515625 0.015234706249999999 0.57272811875 0.030125687499999998 0.569731128125
3 0.0188772796875 0.5976629203125 0.016185203125 0.5815091156250001 0.012412890625 0.5797921921875 0.0103687140625 0.5819089984375 0.0091770546875 0.5848201125 0.010239040625 0.5939694281250001 0.0122105921875 0.595873334375 0.0188772796875 0.5976629203125
3 0.048429909375 0.524415521875 0.0541224015625 0.5290438453124999 0.036427668749999996 0.5099380203125 0.0349850109375 0.511431934375 0.048429909375 0.524415521875
3 0.08945498125 0.47840758437500003 0.0900676015625 0.48208361093749996 0.092695503125 0.4846213453125 0.0960327359375 0.4858022703125 0.1054071328125 0.48477633437499995 0.101322246875 0.4787463609375 0.08945498125 0.47840758437500003
3 0.082809225 0.48890019687499997 0.0827136625 0.4889991546875 0.0884563203125 0.5042038375 0.0963618265625 0.5062774421875 0.08751540625000001 0.489393571875 0.082809225 0.48890019687499997
3 0.19433968125 0.43072884531250005 0.202979040625 0.4327291546875 0.1966219953125 0.425895146875 0.186302321875 0.42296725625000003 0.19433968125 0.43072884531250005
28 0.6459659328125 0.1406290984375 0.640444684375 0.135297290625 0.637451415625 0.13498349062499998 0.6366128062499999 0.1358518953125 0.6397645437499999 0.13915851875000002 0.6426866359375001 0.142545103125 0.64522850625 0.14499975781250002 0.6459659328125 0.1406290984375
28 0.181897396875 0.42792330312500004 0.1897703765625 0.4323982828125 0.1835254328125 0.4215020390625 0.17019276875 0.415577653125 0.158831978125 0.411557484375 0.1505151890625 0.4075420828125 0.150150790625 0.40791942812500004 0.1670307859375 0.4299012078125 0.1758191359375 0.4342175265625 0.178691859375 0.43282119375 0.181897396875 0.42792330312500004