4 0.433200271875 0.60742096875 0.45249989375000005 0.6194807109375 0.45016896093750003 0.6124745859375 0.453153275 0.6121195546875 0.461421921875 0.6197282000000001 0.48344305781249997 0.6425898734375 0.5009933984375 0.6555543968750001 0.502683865625 0.6601291625 0.507444265625 0.6631037906249999 0.5093463421875 0.6636596859375 0.5199587109375 0.6492025609375001 0.5219314203125001 0.6428877953125001 0.51033425625 0.6298695015625 0.5028018453125 0.6236088421875 0.47544855625000004 0.6029648671875 0.4597542671875 0.59271401875 0.44813318906250005 0.5847864125 0.44196648749999995 0.5776032703125 0.430054584375 0.565720209375 0.417666353125 0.5577572 0.4022165125 0.55343068125 0.396786046875 0.5475955265625 0.3885553265625 0.5424524015625 0.379354671875 0.5485933296875001 0.3778985765625 0.5509235671875 0.3895415734375 0.5617153234375001 0.39543846718750003 0.5762773234375 0.40926825312500004 0.5882488921875 0.433200271875 0.60742096875
3 0.50063818125 0.5066698234375 0.5009297203124999 0.5024234203125 0.50081014375 0.5023487 0.48251235625 0.49260333125000005 0.48078710312500006 0.49536431406250003 0.4905910515625 0.5014905015625 0.50063818125 0.5066698234375
3 0.4041380421875 0.5014773453125 0.4030104 0.5018905625000001 0.40179529687500004 0.5038351343749999 0.415443453125 0.51533445625 0.4192936328125 0.517740315625 0.42138910625000003 0.5149208125 0.4041380421875 0.5014773453125
3 0.259667415625 0.23887737343749998 0.259470871875 0.23919190937499998 0.275186559375 0.2520807703125 0.2779025140625 0.250892096875 0.2623698203125 0.23785643437499998 0.259667415625 0.23887737343749998
3 0.426792775 0.3559161875 0.4221982796875 0.35324104218749997 0.42171276718749995 0.3540180234375 0.42276382031250004 0.3632990984375 0.42448162187499994 0.3643725 0.4271594484375 0.36480268125 0.426792775 0.3559161875
3 0.6201750984375 0.7381697453125 0.6194772796875 0.739286490625 0.6192679734375 0.7403488640625 0.6445678671875 0.7561579921875 0.645148984375 0.7515930734375 0.6201750984375 0.7381697453125
3 0.32774257812499996 0.7682247328125 0.3331077765625 0.7715772796875 0.33620919531250004 0.7704407875 0.32750640625 0.7551798921875 0.3269056609375 0.7548045046875 0.3229865234375 0.75379515625 0.3223327375 0.7548414328125 0.3244195171875 0.761519890625 0.32774257812499996 0.7682247328125
3 0.187846953125 0.1425972140625 0.1852731953125 0.1426879625 0.1843451875 0.14417308281250002 0.1861960359375 0.14914635468749998 0.1884514828125 0.15055571406249998 0.1923486703125 0.1511817796875 0.187846953125 0.1425972140625
3 0.2668999359375 0.0002636203125 0.26669501093750003 0.00059156875 0.2722394859375 0.0076108468750000005 0.2731487171875 0.0081789984375 0.274595096875 0.006407890625 0.2668999359375 0.0002636203125
3 0.266250215625 0.042804309375 0.25472471093750004 0.0374394265625 0.254290321875 0.038134595312500005 0.2547445203125 0.039055503125 0.26063116875 0.0427338890625 0.2669555328125 0.0454648796875 0.266250215625 0.042804309375
3 0.3999528734375 0.133476684375 0.40032310625 0.13304207968749998 0.391225884375 0.125642371875 0.3901558328125 0.1273548140625 0.3999528734375 0.133476684375
3 0.37661516875 0.1283844703125 0.3759770390625 0.1294056890625 0.3773419484375 0.132245075 0.3828937421875 0.1357142203125 0.379571475 0.129631428125 0.37661516875 0.1283844703125
3 0.6809376515625 0.38572869375 0.66727895 0.37677727656250004 0.6662487296874999 0.37842597499999997 0.6662170421875 0.3789720578125 0.6729789046875 0.3833083328125 0.6797904234375001 0.3875646421875 0.6809376515625 0.38572869375
3 0.6514784296875 0.348989271875 0.649957084375 0.3514239328125 0.655534828125 0.35582586875 0.6625225765625 0.3601922984375 0.6635303078125 0.35961218437500003 0.6514784296875 0.348989271875
3 0.4935922125 0.2448839890625 0.4921027890625 0.247267565625 0.5041183109375 0.25752539375 0.5045518999999999 0.2577963296875 0.506785315625 0.2548410390625 0.4935922125 0.2448839890625
3 0.5383947796874999 0.2582215140625 0.5336712953125 0.2603552328125 0.532613159375 0.26204860625 0.533547884375 0.26301776875 0.5370912921875 0.2652319359375 0.5437718625 0.2622474390625 0.5383947796874999 0.2582215140625
3 0.6227501203125 0.32796984375 0.627154978125 0.33072230468749997 0.62735656875 0.3308038765625 0.6284469109375 0.3252696484375 0.6250256375000001 0.3237977515625 0.6227501203125 0.32796984375
3 0.792659775 0.48804996718749993 0.79051325625 0.48916020781249997 0.790406446875 0.4893311390625 0.79775431875 0.49628352343750004 0.8007543484375 0.49815814999999997 0.8034827812499999 0.49725475625 0.792659775 0.48804996718749993
3 0.9048913265625 0.687419040625 0.9014600234374999 0.6860756859375 0.9013064125 0.686321515625 0.9076340484375001 0.69760156875 0.9087344187499999 0.6982891578125 0.9105128578125001 0.697369296875 0.9048913265625 0.687419040625
3 0.842170125 0.6791155437499999 0.8406442671875001 0.6746103406249999 0.8332951749999999 0.6742711906250001 0.8323033546874999 0.6758584359375 0.832332246875 0.6763423093750001 0.8331950499999999 0.6768814484375001 0.837666959375 0.678743478125 0.842170125 0.6791155437499999
3 0.54034806875 0.6941531078125001 0.5266740203125 0.681403384375 0.52662288125 0.6814852234375001 0.5261107953125 0.6872545265625 0.5331643500000001 0.6939152140625 0.5373053703124999 0.6965028109375 0.54034806875 0.6941531078125001
3 0.37771069375 0.6747599281250001 0.3744335046875 0.6773599 0.37336369375 0.6790719546874999 0.379940421875 0.6901382015624999 0.386138296875 0.6940110640625 0.3862761484375 0.69379045625 0.37771069375 0.6747599281250001
28 0.3785087828125 0.257163078125 0.3762027015625 0.25878129843750003 0.3754523109375 0.25998217343749996 0.37582445625 0.260269478125 0.3845897015625 0.2657466109375 0.3855424 0.2642219765625 0.3785087828125 0.257163078125
3 0.7089477078125 0.6668693718750001 0.7083609328125 0.6678084078125 0.7084422406249999 0.6744683578124999 0.71567020625 0.6789848921875 0.71422130625 0.669766221875 0.7089477078125 0.6668693718750001
3 0.9305320968749999 0.67784643125 0.9267716406250001 0.6750542562499999 0.926759259375 0.6750740703125 0.9269337703125 0.6798156390625001 0.9232511421874999 0.68128820625 0.9278919890624999 0.6839661453125 0.9305320968749999 0.67784643125