4 0.417575590625 0.5149823234375 0.418563009375 0.5184297 0.419700028125 0.5197376921875 0.42081567499999994 0.521351309375 0.4205083625 0.52263508125 0.424522021875 0.5229157437499999 0.42540505 0.5201366265625 0.42928628125 0.51733681875 0.4306370140625 0.5155885484375 0.4313437171875 0.511338278125 0.432415178125 0.507727753125 0.434730515625 0.5038970875000001 0.435565678125 0.5030801921875 0.43584315 0.49911214531250003 0.4351365734375 0.49809018906249997 0.4348573015625 0.4962279359375 0.430438896875 0.49499760937500004 0.42554887656249996 0.49465566718750004 0.4229756375 0.4963184515625 0.421518046875 0.49959485312499996 0.42019012812499995 0.5068728953125 0.41832503593750003 0.5101208015625 0.41736043125 0.5122031921875 0.417575590625 0.5149823234375
4 0.4551568125 0.53569966875 0.4557153578125 0.539424175 0.4579680265625 0.5423457828125 0.460800609375 0.54868626875 0.467708209375 0.555311709375 0.46951322656250005 0.5573881453125 0.47521315625 0.5577867234375 0.4761588859375 0.5574382421874999 0.4772453796875 0.55661396875 0.4775391046875 0.55241351875 0.4728105 0.546761996875 0.4718017109375 0.5436202484375 0.4687981546875 0.539724771875 0.46457209375 0.5357438078125 0.4622339421875 0.53404470625 0.4606894203125 0.5327082187500001 0.45916627187500003 0.5310661078125001 0.45669989062500005 0.5312007609375 0.45331164843750005 0.53280655625 0.4551568125 0.53569966875
4 0.4653946859375 0.525297803125 0.46361508125000006 0.52732320625 0.4646666125 0.5298537 0.46653314999999995 0.5324411875 0.4681646 0.5383905625 0.46968775 0.540032675 0.47232654375000005 0.543288403125 0.47297057656249997 0.5457904046875 0.47524461718750005 0.5484063859375 0.477862040625 0.5519677421875 0.47934244843749996 0.55422110625 0.48144688750000003 0.5550899968749999 0.48408036875000005 0.5552741484375 0.485026096875 0.554925665625 0.48755659375000004 0.553874134375 0.49003964375000003 0.5528423171875 0.49032388437499996 0.5487774875 0.489635403125 0.5475699640625 0.4869538609375 0.5449254859375 0.4842936953125 0.5419753828125 0.4817617546875 0.5371915234375 0.47875819843749995 0.533296046875 0.47601254531250003 0.5315684468749999 0.472044384375 0.5297553625 0.4697489765625 0.5274450078124999 0.46869744375 0.5249145125 0.4653946859375 0.525297803125
4 0.7170366953125 0.029618889062499997 0.7191455125 0.029766353125 0.7209502734375001 0.0297236375 0.7280701453125 0.027457421875 0.7327877515625 0.02440898125 0.73624010625 0.02188630625 0.7368826953125 0.018552914062500002 0.7354664015625 0.0153826703125 0.7312583828125 0.0149502125 0.7258121171874999 0.014569371875 0.7206039984375 0.017107475 0.7146211499999999 0.020681682812499998 0.71344283125 0.025820337500000002 0.7107841031250001 0.0287056296875 0.7115089296875 0.029232351562499998 0.7143206953125001 0.02942896875 0.714859121875 0.0289905828125 0.7170366953125 0.029618889062499997
4 0.5665579234375 0.2880880375 0.57339996875 0.2897949625 0.5790622484375 0.2908051484375 0.5808283296875 0.2926331640625 0.5974340234375 0.293794346875 0.597854125 0.287786609375 0.59654063125 0.2868063046875 0.591285853125 0.2858246140625 0.5851946984375 0.2850915578125 0.5759717609375 0.2822967828125 0.568207859375 0.2820609984375 0.5629103375 0.281690559375 0.5609811312499999 0.2858553453125 0.56340476875 0.28633194375 0.5665579234375 0.2880880375
4 0.5882554765625 0.32630619843750003 0.5896717687499999 0.3294764421875 0.5903157984375 0.33197844375 0.5904446671875 0.33402980625 0.5953367265625 0.33437189218749996 0.5960208234375 0.3323773765625 0.5974784140625 0.3291009734375 0.600073025 0.3271325625 0.599900609375 0.323742178125 0.602272921875 0.3141923015625 0.602534240625 0.3104552625 0.60249233125 0.310102978125 0.6008623265625 0.309988996875 0.59931780625 0.3086525109375 0.59603641875 0.3087301734375 0.5935486671875 0.3091704546875 0.5912547 0.31269549375 0.590377028125 0.31939077656250003 0.5901846843749999 0.3221414125 0.588812578125 0.3241953109375 0.5882554765625 0.32630619843750003
4 0.54119148125 0.2971402453125 0.5435709328125 0.292392703125 0.54443976875 0.2900694328125 0.545225971875 0.27882620625 0.5449615234375 0.2783623890625 0.5412085203125 0.2793284359375 0.5394289140625 0.281353840625 0.53606204375 0.28265400937499996 0.53177475625 0.2912607140625 0.5288809453125001 0.29750789218749996 0.5323774890624999 0.30020935937500004 0.53720339375 0.3014681796875 0.540141390625 0.30044514375000003 0.54119148125 0.2971402453125
18 0.371302571875 0.7441755296875 0.3670677953125 0.7428812640625 0.36582670156249997 0.7427944796875 0.3400589484375 0.7634892140625 0.34108910937500003 0.7663253359375 0.3362219046875 0.7715131562499999 0.3385567453125 0.7737802031250001 0.340108578125 0.7738887171875 0.34576541562499996 0.7697235390625 0.3497549453125 0.7712309984375 0.3584606390625 0.7638546203125001 0.375786534375 0.750324375 0.371302571875 0.7441755296875
28 0.7199844625 0.043169409375 0.7289175265625001 0.0445465171875 0.7356548734375 0.045017639062499996 0.7366706578125 0.0446433453125 0.7363700140625 0.0430867171875 0.73177919375 0.038466006250000004 0.7280888640625001 0.03267978125 0.7253432109375 0.0309521828125 0.7228340875 0.031698090625 0.7197892312499999 0.034249259375 0.7179241390625 0.0374971671875 0.716016303125 0.041356326562500004 0.7199844625 0.043169409375
28 0.677743059375 0.07699330625 0.68077276875 0.07680590625 0.6865837515625001 0.0716635140625 0.6870872218749999 0.0644635578125 0.6856370859375 0.0599472953125 0.679309403125 0.056740734375000004 0.6744407546875 0.056093165625 0.669036375 0.0572508578125 0.6651765171874999 0.0597450359375 0.6614035890625 0.06685210312499999 0.6618766484374999 0.0717991140625 0.665759321875 0.074834703125 0.6715082781249999 0.076557328125 0.677743059375 0.07699330625
28 0.740831359375 0.028257635937499997 0.7363060984375001 0.028555442187500002 0.7340762468750001 0.031163600000000003 0.732253896875 0.033800254687499996 0.7336915609375 0.036664871875 0.7334992171875 0.0394155078125 0.7372750328125 0.043979228125 0.7428304546875 0.046517545312500005 0.7477204765625001 0.046859489062499995 0.749907584375 0.04486258125 0.7535964703125 0.0448134140625 0.7564489812499999 0.04501288125 0.7621540062500001 0.0454118140625 0.7637089453125 0.043890887499999996 0.7637356328125 0.0435092375 0.7620029625 0.04171580625 0.7600936828125 0.039739571875000004 0.7590848890624999 0.036597823437499996 0.75584625 0.0360642328125 0.753593584375 0.033142624999999995 0.7508693 0.031109403125 0.7488745359375 0.030355671875 0.7468370265625001 0.030213195312500003 0.744970490625 0.027625709375 0.740831359375 0.028257635937499997
17 0.6891984984375 0.063697509375 0.6960037734375 0.0641733796875 0.6965356890625001 0.0637402953125 0.697021221875 0.056796849999999996 0.695218028125 0.056670759375000004 0.6948746406249999 0.055725384375 0.692943990625 0.0540547765625 0.6921717296875001 0.0533865328125 0.6896198625000001 0.05474369375 0.688612515625 0.0574373390625 0.6874576609374999 0.05916603593749999 0.6873527625 0.060666151562500006 0.6874769406250001 0.0619647421875 0.6891984984375 0.063697509375
28 0.702776465625 0.0662132890625 0.7116163390625 0.06683143281250001 0.713618053125 0.065844015625 0.7138775390625 0.0621332046875 0.7118499765624999 0.058847276562499995 0.7086968203125 0.057091182812499995 0.7050293046875 0.05683472656250001 0.70172655 0.05721801562499999 0.699196053125 0.0582695484375 0.6978880625 0.0594065671875 0.6976957203125 0.0621572046875 0.6975888625 0.063685334375 0.7011495203125 0.0654699234375 0.702776465625 0.0662132890625
28 0.7321852171875001 0.0729686953125 0.7335010171875 0.07269600000000001 0.7341113421875 0.0639679390625 0.730588325 0.062230653125 0.716025125 0.059676692187500005 0.713516 0.060422598437499996 0.7145889046875 0.06264746875 0.71401043125 0.065063984375 0.710579446875 0.06728103125 0.70967895625 0.0684465453125 0.712017109375 0.0701456484375 0.7262900234375 0.0725564625 0.7321852171875001 0.0729686953125
28 0.6565518406249999 0.1366745546875 0.6531194124999999 0.1330562078125 0.650738515625 0.1319683578125 0.6478372421875 0.13297860781249998 0.6476402984375 0.1357950359375 0.650912375 0.14119413593750002 0.6540869015624999 0.142644603125 0.6582016937499999 0.14155552968750001 0.65827351875 0.14052838125 0.6565518406249999 0.1366745546875
28 0.685101334375 0.132098546875 0.679483240625 0.136312503125 0.6810063890625 0.137954615625 0.6864772359375 0.14182299375000001 0.6923946 0.142236775 0.694325715625 0.140728715625 0.6973278281249999 0.1387888 0.685101334375 0.132098546875
28 0.65490906875 0.1662428953125 0.6553309421875 0.1602098328125 0.6540085125 0.1573809125 0.6496542234375 0.1552337078125 0.6439705703125 0.154529146875 0.6428349953125 0.15905655000000002 0.6414842625 0.1608048234375 0.64296466875 0.1630581875 0.6436514421874999 0.164948934375 0.64787458125 0.16575099531249998 0.65490906875 0.1662428953125
28 0.625115684375 0.1666472171875 0.6225638171875 0.1680043765625 0.6172662953125 0.1676339375 0.616687821875 0.1700504515625 0.6198623484375 0.17150091875 0.6201390499999999 0.171643115625 0.624540071875 0.171950865625 0.6263817671874999 0.171013940625 0.6266560390625 0.167091665625 0.625115684375 0.1666472171875
28 0.6448323499999999 0.1778538015625 0.6445758921875 0.1815213171875 0.6461417828125 0.1825521765625 0.6466297875 0.182893421875 0.651492025 0.183233421875 0.6522148375000001 0.1823728421875 0.6524097265625 0.17958581875 0.6497009984375001 0.17850137187499998 0.6448323499999999 0.1778538015625
28 0.6257253421875 0.21334147812499998 0.63162755625 0.21786961875 0.6328554953125 0.217955484375 0.6374770625 0.2139380171875 0.6374859671875 0.213810671875 0.6344324765625 0.21180049531249998 0.6334023156249999 0.208964375 0.630592546875 0.20815365468749997 0.6289411687500001 0.2083453 0.62381461875 0.2055298515625 0.6191825015625 0.2073557859375 0.6210490359375 0.20994327343750002 0.6201699203125 0.21080316093749998 0.6200416921875 0.2126369171875 0.6257253421875 0.21334147812499998
28 0.60346861875 0.1872922640625 0.6010663515625 0.18651003906250002 0.60282603125 0.19062565625 0.601131909375 0.1914285546875 0.6022689296875 0.1927365453125 0.6047139390625 0.192907515625 0.60872484375 0.19410935 0.6070506484375 0.18877122500000001 0.60346861875 0.1872922640625
28 0.583752784375 0.32247480781250004 0.5859826375 0.3198666484375 0.5862759718749999 0.31896579687500004 0.586590265625 0.3144711828125 0.58362166875 0.312637778125 0.5765659125 0.313987115625 0.5719979078125 0.3148961734375 0.5629687578125 0.315186153125 0.552631615625 0.3166131546875 0.5511740234375 0.319889559375 0.5525066437499999 0.321979028125 0.5836934578124999 0.32415982187500003 0.5840534296875 0.32403143437500004 0.583752784375 0.32247480781250004
28 0.5667346484375 0.33550447031249997 0.59243635625 0.33730170937500004 0.5959832859375 0.3369402171875 0.59607444375 0.3356366046875 0.59328305625 0.3354414125 0.5909021609375 0.3343535609375 0.5907083734375 0.331268803125 0.58588246875 0.33000998125000003 0.5768746890625 0.32999433749999996 0.5702905484375 0.3304552921875 0.5685964265625 0.33125818906250004 0.5656798015625 0.3319756015625 0.566667221875 0.335422975 0.5667346484375 0.33550447031249997
28 0.5937655625 0.3644827015625 0.588146025 0.3628612625 0.5820121312500001 0.362739459375 0.579052759375 0.3640681234375 0.5756858890625 0.3653682921875 0.5794189640625 0.370543265625 0.5949467703125 0.3710148328125 0.5983006859375 0.37099790781249997 0.598471525 0.3685548078125 0.5937655625 0.3644827015625
28 0.633399015625 0.35599816875 0.634503578125 0.359039121875 0.638276365625 0.359302940625 0.6382878515625 0.359138671875 0.6378601609375 0.3566172421875 0.6385452890625001 0.3554571390625 0.6386410890625001 0.35408715 0.634835234375 0.353027390625 0.633399015625 0.35599816875
28 0.8180246046875 0.2756973203125 0.8132215140625 0.2799682671875 0.8130078 0.28302452968749997 0.8308110828125 0.289751559375 0.840001025 0.29039418281249996 0.8406010343749999 0.2882440609375 0.8407379 0.2862867859375 0.8399242796875 0.284599590625 0.8180246046875 0.2756973203125
28 0.7018132171875 0.5743845875 0.6943727734375 0.581235196875 0.69645446875 0.586601815625 0.7013940015625 0.5876996671875 0.7072477640625 0.5881090015625 0.71357854375 0.581594196875 0.7137574140625 0.5790362328125 0.7089224875 0.574129271875 0.705859090625 0.5739150578125 0.7018132171875 0.5743845875
28 0.585022053125 0.4855678640625 0.5780717125 0.47955367656250003 0.5717454703125 0.482182509375 0.572090303125 0.48896327812499996 0.5766383796875 0.49419524062500003 0.5847164609375 0.496526059375 0.584823434375 0.49653353906250003 0.585053709375 0.493240434375 0.585022053125 0.4855678640625
28 0.6430250515625 0.2640897578125 0.6480424171875 0.26444060625 0.6482550093749999 0.261400390625 0.64765231875 0.2599907890625 0.6456789234375 0.258931434375 0.645463765625 0.25615230312500004 0.6430401265625 0.2556757046875 0.64177488125 0.256201471875 0.639329871875 0.2560305 0.63877276875 0.2581413890625 0.6420983390624999 0.26328786718749997 0.6430250515625 0.2640897578125
28 0.3737060859375 0.6795718500000001 0.378867546875 0.68262008125 0.39145935 0.6835005859375001 0.39446729999999997 0.6813307359375 0.395135109375 0.6780758796875 0.3958893421875 0.6672898328125 0.39564273125 0.66452129375 0.392082075 0.6627367046875 0.3766611265625 0.6607370046875001 0.362334453125 0.6606565468750001 0.3597825875 0.6620137078125 0.35993363125 0.66570971875 0.360856934375 0.6700739718750001 0.360064746875 0.6755467484375 0.3643549203125 0.67861083125 0.3737060859375 0.6795718500000001
28 0.39495882656250003 0.5810441375 0.39525947031249997 0.5826007640624999 0.39560285781250004 0.5835461375000001 0.4018783828125 0.583984965625 0.40257312812499996 0.5834193046875 0.403066115625 0.582225296875 0.40315160156249996 0.581002790625 0.40203595625000005 0.579389175 0.40085619375 0.578692434375 0.399655059375 0.5783013203125 0.3980036828125 0.5784929671875 0.396738434375 0.5790187359375001 0.39583794375000003 0.5801842484375 0.39495882656250003 0.5810441375
28 0.46194584375 0.42499671718750004 0.4626112453125 0.42719309218749996 0.46578577499999996 0.42864355937500004 0.4674585234375 0.4281462875 0.47226305625 0.42971073593750003 0.4738503203125 0.43043597031249997 0.474587671875 0.43087143125000005 0.483026353125 0.43146152187500003 0.48320148906249993 0.4313969875 0.48540996718749996 0.4290944546875 0.4864814296875 0.4254839296875 0.4883457 0.42027135 0.4888698359375 0.41277586875 0.488236775 0.412093365625 0.4824329484375 0.41105792656249995 0.479723053125 0.41086843125000005 0.4795937546875 0.4127174703125 0.4779637484375 0.4126034890625 0.4754759953125 0.41304376875 0.47266622812500003 0.41223305000000005 0.469406215625 0.4120050875 0.46968548749999994 0.41386734062499997 0.46839886875000003 0.4146987328125 0.46550361249999994 0.41511051875 0.46207407187499994 0.4231629609375 0.46194584375 0.42499671718750004
28 0.4322841546875 0.590810090625 0.43789003125 0.58879119375 0.44458103125 0.5868021078125001 0.44833403125000004 0.5858360625000001 0.4557331765625 0.5854320984375 0.464075553125 0.583251365625 0.4644490515625 0.5828145 0.46496110625 0.575491790625 0.46224887031249995 0.5683818421875 0.45920510937500003 0.5660652234375 0.4521805578125 0.56557401875 0.4503885796875 0.5681667312500001 0.4387220765625 0.5710363765625 0.42840630625 0.57215775 0.42330257187500003 0.5748720703125 0.4243113625 0.57801381875 0.4236687734375 0.5813472140625 0.42514917968750005 0.583600578125 0.4264799859375 0.587993325 0.42759177656249997 0.5904819671875 0.4322841546875 0.590810090625
28 0.4755016625 0.58286794375 0.478415296875 0.5830716859375 0.481390334375 0.580054953125 0.48158267656250003 0.577304315625 0.47729250156249997 0.5742402328125 0.47658435624999995 0.5726551109375 0.47413934687500003 0.5724841390625001 0.46927069687499995 0.57183656875 0.4674269765625 0.5747788500000001 0.46766350624999997 0.57725235625 0.4691866546875 0.57889446875 0.4755016625 0.58286794375
28 0.5851611531249999 0.48540867656250003 0.58508441875 0.49185284375 0.5960612734375 0.49262041874999996 0.59657649375 0.4852524390625 0.5841682515625 0.4835037203125 0.5841580671875 0.48364936875 0.5851611531249999 0.48540867656250003
28 0.5806708875 0.45702385312500005 0.5806992125 0.457087259375 0.58278561875 0.4572331546875 0.5828790265625 0.457141790625 0.5832146625 0.45234197500000006 0.58017645625 0.4523824703125 0.578676121875 0.45627012499999997 0.5806708875 0.45702385312500005
28 0.434836865625 0.4883949296875 0.436230340625 0.4860354046875 0.43681691093749997 0.4851867296875 0.43725415781250004 0.47893380937499996 0.435949625 0.4783377578125 0.43558609062500003 0.4782662703125 0.43020450937500004 0.47788995312500004 0.428530553125 0.4848827421875 0.4264731171875 0.490881284375 0.4263021453125 0.49332629531250005 0.4287471546875 0.49349726718750003 0.431299021875 0.4921401078125 0.43076329218750004 0.49394536875000006 0.4326909171875 0.495293290625 0.43441057031249997 0.495413540625 0.4359738828125 0.4897029203125 0.434836865625 0.4883949296875
17 0.290559075 0.7602274734375001 0.28472582343749997 0.7616622953125 0.28153136875 0.7663528484375 0.2840846796875 0.7708310828125 0.2859100296875 0.7716651015625 0.29118718125 0.772034115625 0.2951727109375 0.77037795 0.29650288593749996 0.767020465625 0.2967419421875 0.7636017796875 0.290559075 0.7602274734375001
28 0.283484865625 0.8159358796875 0.275249346875 0.816588478125 0.2683232625 0.8219394546875 0.27875166406249996 0.8426315234375 0.28084025156250003 0.8433610984375 0.2844486828125 0.843613425 0.29243430625 0.8402099765625 0.29300273906249996 0.8394742484375 0.2932543078125 0.835876640625 0.283484865625 0.8159358796875
28 0.40153479374999995 0.6082234718749999 0.3991980859375 0.612359765625 0.3981693671875 0.6153590343750001 0.3976336359375 0.617164296875 0.3969132453125 0.6180967093749999 0.40536420156249997 0.6186876578125 0.405954640625 0.61528919375 0.40649037187500003 0.6134839328125 0.4073908609375 0.6123184187499999 0.40833409375 0.6105416484374999 0.4092132109375 0.6096817609375 0.409298696875 0.60845925625 0.40814030625 0.6074568921875 0.4052450515625 0.607868678125 0.40363641718750004 0.60744906875 0.40153479374999995 0.6082234718749999
28 0.44199831874999995 0.52308591875 0.4416745953125 0.5225181421875 0.43717070625 0.5225103203125 0.43341770312500005 0.5234763671875 0.42599718906249995 0.52418595625 0.4263820140625 0.5261784375 0.4318099375 0.5265579953125 0.435284240625 0.5260638531249999 0.438544253125 0.5262918156249999 0.44187642031249996 0.5248291328125 0.44199831874999995 0.52308591875
28 0.5161622312499999 0.4619722859375 0.5218468796875 0.4623697953125 0.5262169359375 0.46107067500000004 0.52645481875 0.457668784375 0.521856525 0.4493485546875 0.51968934375 0.44520443906249996 0.5157852984375 0.44247447656250005 0.5117957671875 0.44096701875 0.5077421234374999 0.440376440625 0.5039036375 0.4425649921875 0.49989417812500003 0.44719855624999993 0.5055807171875 0.459573903125 0.5128943765625 0.46039244375 0.5161622312499999 0.4619722859375
17 0.280559459375 0.8918972437500001 0.28270811406249996 0.891387184375 0.2893136265625 0.8906206031250001 0.2942463890625 0.89035129375 0.2972485015625 0.8884113765625001 0.3002506140625 0.8864714609375 0.3023308640625 0.886002684375 0.303724340625 0.8836431609375 0.3040644453125 0.8828786703124999 0.3042315703125 0.8804886703125 0.298983921875 0.8811618343750001 0.297654559375 0.8826044796874999 0.29793383125 0.8844667312500001 0.29493172031250003 0.886406646875 0.29201509375 0.887124059375 0.2871464453125 0.8864764890625001 0.280540934375 0.8872430703124999 0.2763376890625 0.8887918750000001 0.27738501875 0.8916752656250001 0.280559459375 0.8918972437500001
28 0.197218640625 0.9377578968750001 0.1991423875 0.9378924171874999 0.20173373906249997 0.93431139375 0.201830909375 0.93372699375 0.2021258375 0.9295093375000001 0.20098140625 0.9275021296875 0.1888005421875 0.9318714140625 0.197218640625 0.9377578968750001
17 0.2729212609375 0.8111585625 0.273049490625 0.8093248046875001 0.2744002234375 0.807576534375 0.2762012015625 0.8052455046875 0.2778739515625 0.8047482328125 0.2798687171875 0.8055019609375 0.2826357421875 0.8069239343750001 0.28255025625 0.8081464390624999 0.27858354375 0.81216875 0.27772579531249997 0.8127230109375001 0.277679846875 0.8133801078125 0.2795000203125 0.8135073875 0.2801494328125 0.813199609375 0.2837300171875 0.808843178125 0.284233125 0.8080900796874999 0.2843909171875 0.80583354375 0.283557603125 0.8054527953124999 0.27963218749999996 0.803028459375 0.276779675 0.8028289921875 0.27549305468749996 0.8036603843749999 0.27015423437499997 0.8097365890624999 0.27086238281249997 0.8113217125000001 0.2732007234375 0.8130668968749999 0.2760498390625 0.8132661265625 0.27605304531249997 0.8132202828124999 0.2729212609375 0.8111585625
28 0.4023152171875 0.6873923328125 0.40262082968749996 0.68302186875 0.40263751875000003 0.6778787734375 0.401561725 0.663983115625 0.39652210625 0.6657805546875 0.397468225 0.675674578125 0.397471040625 0.68705359375 0.3982656671875 0.6871091609375 0.3999802375 0.68659945625 0.40188564375 0.68736229375 0.4023152171875 0.6873923328125
28 0.350735503125 0.679762246875 0.3513581625 0.6825698734375 0.3528656421875 0.685500796875 0.3553832625 0.6856768453125001 0.355461703125 0.685448146875 0.3555325484375 0.6844350015625 0.3538672875 0.681823965625 0.3524509953125 0.6786537234375001 0.35268608125 0.6752918343750001 0.3523854359375 0.6737352078125001 0.3491467953125 0.6732016203125 0.346294284375 0.673002153125 0.3453724234375 0.67447329375 0.3477533171875 0.67556114375 0.3501342140625 0.6766489953125 0.350735503125 0.679762246875
28 0.3069994609375 0.8409059953125 0.29852150625 0.8412191671875 0.2986885796875 0.855573384375 0.3034322359375 0.8559050921875 0.305964653125 0.85570441875 0.3069994609375 0.8409059953125
28 0.31770129687500004 0.77702079375 0.319302778125 0.77713278125 0.322136078125 0.775088921875 0.3210631734375 0.772864053125 0.3282685296875 0.7693753328125 0.330541125 0.7661559203125 0.33119571875 0.7636756265625 0.33132592031249997 0.76181365625 0.321274 0.758137003125 0.31034368749999997 0.7545778828125 0.3072466734375 0.75436131875 0.3063460390625 0.75494329375 0.3111292 0.7568133671874999 0.311344359375 0.7595924984375 0.3087497515625 0.7615609125 0.3053615078125 0.7631667078125 0.30047148749999997 0.7628247640625 0.3001722875 0.76710353125 0.305620853125 0.77116998125 0.3164096828125 0.7749956140625 0.31770129687500004 0.77702079375
28 0.30368051406249996 0.8246114999999999 0.3011286453125 0.8259686593750001 0.3040680890625 0.830781015625 0.30429831875 0.8309046078125 0.3105449765625 0.8313414171875 0.3108530953125 0.8305951609375001 0.311165653125 0.8261253765625 0.31101554375 0.8251244140624999 0.30368051406249996 0.8246114999999999
28 0.29958551093749997 0.8125342765625 0.2991551046875 0.8123941296874999 0.29628122343749996 0.8125002859375 0.2961529953125 0.81433404375 0.294394759375 0.816053821875 0.2942237875 0.81849883125 0.2961285 0.8193691109374999 0.29851238750000003 0.8195358078125 0.2991779203125 0.81792389375 0.29921208906249996 0.8178744578125 0.29958551093749997 0.8125342765625
28 0.4672190703125 0.43662143125 0.46830193906249995 0.435775790625 0.47003868437499996 0.435680971875 0.47014647187499997 0.43413952812499995 0.46677878906250003 0.434133678125 0.463260875 0.43173783749999994 0.46049385000000004 0.4303158671875 0.4592499734375 0.43053600625 0.45905762968749997 0.4332866421875 0.46060215156249995 0.43462312968749994 0.4617178 0.43623674531249995 0.4633691765625 0.4360451 0.46406093281249994 0.4364005921875 0.4672190703125 0.43662143125
28 0.354277203125 0.7121961531250001 0.363156753125 0.714045553125 0.3653326484375 0.71613256875 0.37390240625 0.716731825 0.376175434375 0.7152630296875 0.38160118593750003 0.7137997109375 0.3817323375 0.71294895625 0.3825139234375 0.70177175625 0.3812976546875 0.700572296875 0.369565590625 0.698523428125 0.36287459218749996 0.7005125125 0.3598297390625 0.7030636828125 0.356849 0.7046979734375001 0.3544039875 0.7045270015625 0.3514873640625 0.7052444125 0.3529250265625 0.7081090296875 0.3519176796875 0.7108026765625 0.354277203125 0.7121961531250001
28 0.351561853125 0.7188192359375 0.3514700859375 0.7201315796875 0.3554072046875 0.724145384375 0.3573164828125 0.7261216187499999 0.3583878875 0.7266111515625 0.3608176140625 0.7267810546875 0.361476984375 0.7251840656249999 0.369584275 0.726365225 0.3698480109375 0.7261072578125 0.36991782500000003 0.7251088796875 0.368125240625 0.7238062328125 0.368274840625 0.7216668484375 0.367588065625 0.7197761015624999 0.36368402187500004 0.7170461390625 0.3617533703125 0.7153755312500001 0.35853609999999997 0.714536315625 0.3563703640625 0.7162275984375001 0.3538398671875 0.71727913125 0.35253187656249996 0.7184161484375 0.351561853125 0.7188192359375
28 0.340132740625 0.7478670453125 0.3394884296875 0.747125853125 0.3370434203125 0.74695488125 0.3342550234375 0.745838534375 0.33384382343749996 0.748205325 0.3334726734375 0.75351303125 0.33694844218750003 0.754871953125 0.3381709421875 0.7549574390625 0.3387176140625 0.7522930031249999 0.3400054015625 0.749688071875 0.340132740625 0.7478670453125
28 0.35121053281250003 0.7208421421875 0.34698591562500003 0.7226965734374999 0.34563518125 0.72444484375 0.3431758609375 0.7271137390625 0.35250255625000004 0.727765925 0.3527813203125 0.72377941875 0.35271230937500003 0.7227898796875001 0.35121053281250003 0.7208421421875
28 0.370541640625 0.7437844874999999 0.371721403125 0.7444812265625 0.381780715625 0.7470273656249999 0.381930315625 0.74488798125 0.3846898203125 0.7378530546875 0.38492225625 0.7345290484375 0.3834933203125 0.7342480546875 0.37860330000000003 0.7339061109375 0.3737987671875 0.7323416640625 0.36978786406249997 0.7311398312499999 0.361766059375 0.72873616875 0.356642396875 0.7375915078124999 0.3560639234375 0.740008021875 0.3636782265625 0.742383190625 0.36573710625 0.7422200390625 0.370541640625 0.7437844874999999
28 0.29378415156250004 0.806705365625 0.2987710609375 0.8085896874999999 0.29985603906249997 0.80866555625 0.3003230640625 0.8019867749999999 0.29461908281250004 0.8006213375 0.2932469765625 0.8026752343749999 0.29378415156250004 0.806705365625
28 0.33764684843750004 0.8269713015625 0.337295940625 0.8269467640625001 0.3367027609375 0.829638659375 0.336467675 0.8330005484375 0.33288708906250003 0.837356978125 0.3355659671875 0.8393563171875 0.3397478 0.8396487390624999 0.341916240625 0.8370669968750001 0.34307318750000004 0.8322339671875 0.3438322390625 0.829357884375 0.3439292125 0.8279711031250001 0.33764684843750004 0.8269713015625
28 0.2886345390625 0.9049924328125 0.2911474671875 0.9051681531250001 0.2921154921875 0.9039152250000001 0.2962759953125 0.9029776734375 0.2997710953125 0.899843746875 0.3021947328125 0.9003203453124999 0.304510071875 0.8964896796874999 0.302986921875 0.8948475671875 0.2982265734375 0.8985072609375001 0.2949451890625 0.898584925 0.28759023125 0.9042130296875 0.2886345390625 0.9049924328125
28 0.32137098750000004 0.9041758281250001 0.321581675 0.901162865625 0.3179046859375 0.8958446515625 0.3153100765625 0.8978130625 0.3100781125 0.9023611390624999 0.306990515625 0.9055235609375 0.306004540625 0.9079115796874999 0.314353703125 0.9114898374999999 0.3173717609375 0.91170088125 0.3177152296875 0.910266075 0.32000919687499996 0.9067410359375 0.32137098750000004 0.9041758281250001
28 0.2548170625 0.9599671187500001 0.254739690625 0.9593167499999999 0.24909878437500002 0.9580009374999999 0.24502376718750002 0.9577159843749999 0.23959801718749998 0.9591793046875001 0.243884228125 0.9660821187499999 0.24624716875 0.9662473531250001 0.2510949921875 0.964590059375 0.25283185625 0.9631759109375 0.254694390625 0.9617214093750001 0.2548170625 0.9599671187500001
28 0.23733644687500002 0.978154778125 0.2378861078125 0.978024296875 0.2409309625 0.9754731265625001 0.2460366421875 0.9735361953125 0.246278175 0.970082128125 0.2462270421875 0.9700081718750001 0.24217339375 0.96941759375 0.235288609375 0.9683219203125001 0.233788275 0.9722095749999999 0.2362974 0.97146366875 0.23782055 0.9731057812499999 0.23767095 0.9752451640625001 0.2343468203125 0.9759340812499999 0.233478890625 0.9778850312499999 0.23733644687500002 0.978154778125
6 0.6668175578125 0.11203959062499999 0.6696928843750001 0.11776882500000001 0.6708085328125 0.1193824421875 0.6723049515625 0.1204698703125 0.6779121671875 0.12086196406250001 0.678079446875 0.12081223593749998 0.6805458296875 0.12067758125000001 0.6822826921875 0.11926343125000001 0.68485593125 0.1176006453125 0.6841691562500001 0.11570989843749999 0.6751385625 0.11016448593749999 0.6735726703125 0.10913362499999998 0.6698410406249999 0.1097940484375 0.66773941875 0.11056845 0.6668175578125 0.11203959062499999
19 0.6528240734375 0.1973773390625 0.6669337390625001 0.1958763078125 0.6671244203125 0.193149440625 0.6652400218750001 0.1896461671875 0.66077743125 0.1831917 0.6516627953125 0.1847041875 0.6434059046875 0.18566241249999998 0.6338623953125 0.18745202968750002 0.637552725 0.19323825625 0.6430959640625 0.1983094671875 0.6461714734374999 0.19852452812500002 0.6478699390625 0.197952275 0.6528240734375 0.1973773390625
23 0.73708514375 0.0230510328125 0.7341257734375 0.024379696875000002 0.7342127031250001 0.028992584375 0.7424909640624999 0.027728734375 0.7453862203125 0.0273169484375 0.7472006312499999 0.0301618421875 0.747968096875 0.030215509374999998 0.7521427765625 0.030246378125 0.7570969109375 0.0296714421875 0.7652512546875 0.0314240640625 0.7658166671875 0.0314636015625 0.772174471875 0.03072576875 0.7803338937500001 0.030136584374999997 0.780464234375 0.028272626562499997 0.7796149140625 0.023875159375 0.776118371875 0.021173690624999998 0.7719151265625 0.0227224953125 0.766381075 0.0198785515625 0.763635421875 0.018150953125 0.762069528125 0.017120093750000002 0.7383916890625 0.016078618750000002 0.7371264421875 0.0166043859375 0.7372561156249999 0.020606021874999998 0.73708514375 0.0230510328125
19 0.5414460734375 0.3552806375 0.5372372546874999 0.3516387125 0.5315521578125 0.345098759375 0.52779915625 0.3460648046875 0.522588565625 0.35030725625 0.517764103125 0.354883828125 0.5281022765625 0.3641293421875 0.5320193875 0.364403253125 0.5377117578124999 0.3624211171875 0.5411167390625 0.3599903375 0.5414460734375 0.3552806375
19 0.5371956703125 0.4793826515625 0.5317812140625 0.49349455000000003 0.531762665625 0.493759809375 0.55031685 0.49881955 0.5514514625 0.49889889062500004 0.555744675 0.48679143125 0.555904159375 0.48451069062499996 0.547297728125 0.4813175390625 0.5371956703125 0.4793826515625
19 0.4660328390625 0.5148542546875 0.48233289843750005 0.5159940656249999 0.48384207031250004 0.5131512375 0.48508450312500007 0.5070957046875 0.48639249375000004 0.505958684375 0.4886650875 0.502739271875 0.4888589546875 0.502528884375 0.48906340000000004 0.49960517812500005 0.48609040625000005 0.498566665625 0.47926973593750005 0.4965541125 0.4732640671875 0.4945985515625 0.46753767343749997 0.4945052453125 0.4649231359375 0.5026146765624999 0.4630580421875 0.505862584375 0.45992770156249996 0.509636259375 0.4614081078125 0.5118896234375 0.463296015625 0.514171484375 0.4660328390625 0.5148542546875
23 0.48852529687499996 0.5304317828125 0.489374646875 0.5305833125 0.49167090937499996 0.5307438828125 0.5177658125 0.5147292921875 0.5178190125000001 0.5139685 0.5098164656249999 0.5070438312500001 0.480781321875 0.5240549796875 0.48852529687499996 0.5304317828125
19 0.48209138906250004 0.493388453125 0.48535140156249995 0.493616415625 0.4858895375 0.49431435468749996 0.48824286250000004 0.4944789140625 0.49446033125 0.489623528125 0.49456291406249997 0.48815652187499997 0.48534851406249996 0.4819456265625 0.47593179062499996 0.47606609375 0.47567388906249997 0.4738982140625 0.4729923484375 0.4712537375 0.46896007500000003 0.47035753125 0.466879825 0.4708263078125 0.463256496875 0.47579399218749996 0.4649520609375 0.4808264890625 0.47527071875000004 0.4913759015625 0.48209138906250004 0.493388453125
19 0.37072798749999997 0.6496189640625001 0.37270138125 0.65067831875 0.37214427968749997 0.65278920625 0.3703433015625 0.6551202359375 0.3668695734375 0.6579485359375 0.3651580015625 0.659733 0.3860119046875 0.661191246875 0.3863014234375 0.66115006875 0.394127996875 0.6546335796875 0.405170396875 0.6431209124999999 0.40686451874999996 0.6423180140625 0.4070678765625 0.6418254859375 0.4072299734375 0.639507396875 0.4008146640625 0.6351383125 0.394960040625 0.6368787625000001 0.3903706640625 0.6380934453125 0.3862529046875 0.6384197453125 0.365322165625 0.6449412625 0.36562280937499997 0.6464978890624999 0.3662240984375 0.6496111421874999 0.36693224375 0.6511962640625 0.36903386718750003 0.6504218609375 0.37072798749999997 0.6496189640625001
23 0.5258715203125 0.48226088125000005 0.5286812875 0.48307160156249995 0.5294051703125 0.48326042343750003 0.5325633109375 0.48348126249999995 0.5357584156249999 0.4814166375 0.536744390625 0.47902861718749995 0.5391894015625 0.47919958906250004 0.5417626390625 0.477536803125 0.544035234375 0.474317390625 0.5401098171875 0.47189305312499996 0.536056171875 0.471302475 0.5373641640625 0.47016545625 0.5374923921875 0.4683317015625 0.5391010281249999 0.46875130781249996 0.5419321671875 0.4692564 0.538563853125 0.4647211765625 0.53577545625 0.4636048296875 0.531637109375 0.4630543953125 0.5307202249999999 0.46299028125 0.5284190546875001 0.4633975421875 0.52708969375 0.4648401875 0.5229505609375 0.4654721125 0.51956231875 0.4670779078125 0.5163892359375 0.4714628328125 0.51615415 0.474824721875 0.5186860890625 0.4796085828125 0.5207022265625 0.48005668593750006 0.523533365625 0.48056177968749997 0.5258715203125 0.48226088125000005
7 0.7848433765625 0.34541221875 0.7928670343750001 0.346618240625 0.811367603125 0.34791192656250003 0.811741340625 0.34256722968750003 0.7865787953125001 0.338162675 0.7842420875 0.342298965625 0.7848433765625 0.34541221875
7 0.8305439937499999 0.23047224531250002 0.8280410609375 0.222052734375 0.8232151562500001 0.22079391249999997 0.8191187671875 0.2208145859375 0.8205564328125 0.22367920312499998 0.8186699671875 0.2272327359375 0.8203227906249999 0.23287648593750002 0.823819334375 0.2355779546875 0.827465475 0.2361400375 0.830257096875 0.2345750609375 0.8305439937499999 0.23047224531250002
7 0.918703925 0.0896942421875 0.9136653578124999 0.08671859062500001 0.910469459375 0.08557375 0.9061365421875 0.0831209171875 0.903326771875 0.08231019687499999 0.900239175 0.08547261874999999 0.903692975 0.0887853390625 0.9104281609375 0.0920203953125 0.916884071875 0.0933931984375 0.9185870484375 0.0913656375 0.918703925 0.0896942421875
7 0.912198515625 0.5217906640625001 0.9079007546875 0.5081610984375 0.9046500140625 0.507933784375 0.9025224453125 0.507907859375 0.8979758125 0.5085112890625 0.8955940703125 0.509777971875 0.8955650625 0.5101928078125 0.9041059046875001 0.5298241531250001 0.9064044718750001 0.529984884375 0.9128867328125001 0.52951680625 0.913044246875 0.52902106875 0.9133457984375 0.5247086859375 0.912198515625 0.5217906640625001
13 0.42445363125 0.64376295 0.420786115625 0.6435064921875 0.41864175000000003 0.644892146875 0.41812739062500004 0.6463917828125 0.4184280359375 0.647948409375 0.41982933125 0.6494591515625 0.42273075000000004 0.6496620390625 0.425333078125 0.649413190625 0.4256443734375 0.644961446875 0.42445363125 0.64376295
13 0.3879996765625 0.7474775953125 0.3907739046875 0.7404440140624999 0.3910702546875 0.7362059984375 0.387679159375 0.7349246593750001 0.3861224984375 0.73481580625 0.3822748046875 0.7448660031250001 0.38175417968750003 0.7470408671875 0.3879996765625 0.7474775953125
26 0.4919009109375 0.3694294734375 0.4904559578125 0.36932843125 0.48448037343749994 0.3924053109375 0.485997415625 0.3925113921875 0.49183305624999996 0.37039984375 0.4919009109375 0.3694294734375
26 0.48108600468749996 0.38969370937500003 0.480160765625 0.3899687640625 0.47210199375000006 0.411517928125 0.47330312656249995 0.411909040625 0.48091744375 0.392104228125 0.48108600468749996 0.38969370937500003
26 0.3450214734375 0.8347503906249999 0.3435901234375 0.8346503015625 0.33249603906249997 0.872034271875 0.33453920625 0.8721771437499999 0.34471700312500003 0.8391045171875 0.3450214734375 0.8347503906249999
26 0.6006313359375001 0.22567128749999998 0.5918413578124999 0.2079008734375 0.5898038484375 0.207758396875 0.5983870859375 0.225557353125 0.6006087546875001 0.22599423281250003 0.6006313359375001 0.22567128749999998
1 0.33755330156249996 0.8476339812499999 0.3355585359375 0.846880253125 0.332684653125 0.8469864125000001 0.3305402875 0.8483720671875 0.3299831859375 0.8504829562499999 0.33018160937499996 0.8515103296875 0.337548221875 0.852025453125 0.3378065484375 0.8483311921875 0.33755330156249996 0.8476339812499999
1 0.338261115625 0.7579428140625 0.3369317515625 0.759385459375 0.33766127031250004 0.7606649546875001 0.3381445046875 0.7612208515625001 0.34205651718749996 0.76149440625 0.34232189375 0.7613594015625 0.3425305328125 0.7583757265625 0.34036273906250003 0.7571684125 0.338261115625 0.7579428140625
1 0.331705140625 0.7787899140625 0.330590209375 0.777092846875 0.32814519999999997 0.776921875 0.3260222046875 0.77800190625 0.3242639703125 0.7797216828125 0.3249507453125 0.7816124296875 0.32572300468750004 0.7822806734375 0.3300696890625 0.7825846234375 0.33151351406249996 0.7814571015625 0.33152047812499996 0.781430715625 0.331705140625 0.7787899140625
1 0.3329207421875 0.7902470187499999 0.33000411406249996 0.79096443125 0.3294470140625 0.7930753187499999 0.33044328125 0.7951412703125 0.3350131234375 0.7954608249999999 0.3352460640625 0.7953504265625 0.33542424843749996 0.79280226875 0.33525889375 0.7919461234375 0.3329207421875 0.7902470187499999
1 0.2588958328125 0.975424090625 0.2568152265625 0.9761907515624999 0.2566810140625 0.978110084375 0.2569546 0.9795266125 0.2624585890625 0.9799114890625 0.262846865625 0.9795317046875001 0.2630846234375 0.9761316140625 0.2617910875 0.97501230625 0.2588958328125 0.975424090625
1 0.30951801562500003 0.8594632828125001 0.3086349859375 0.862242403125 0.30537497343750003 0.8620144406250001 0.306061746875 0.8639051875 0.3061116171875 0.8639240312500001 0.3112766984375 0.8642852078125 0.3113592671875 0.8642756265625 0.3116717140625 0.8636870703125 0.311954796875 0.8596387999999999 0.31195260625 0.8596335265624999 0.30951801562500003 0.8594632828125001
1 0.3175868484375 0.7987876468749999 0.3174586203125 0.8006214046875 0.3160865140625 0.8026753015624999 0.3165971765625 0.8035709499999999 0.320040565625 0.8038117343750001 0.3205704546875 0.8036272234374999 0.32080481562499996 0.8002757031250001 0.31921685625 0.798901628125 0.3175868484375 0.7987876468749999