3 0.49726384062499995 0.09336188125 0.494701978125 0.0981542703125 0.49481199374999996 0.09844087343749999 0.516096875 0.098836271875 0.51956366875 0.0975054953125 0.5210984828125 0.092883409375 0.49726384062499995 0.09336188125
3 0.5345357625 0.1321641265625 0.5350161046874999 0.1334154609375 0.54032136875 0.13137896093749998 0.5482059109375 0.1202562703125 0.5427522828125 0.11912338125 0.5347177171874999 0.130878353125 0.5345357625 0.1321641265625
3 0.5020108515625 0.20684101250000003 0.49750888125000003 0.21098891250000001 0.4990088390625 0.218375128125 0.4999905046875 0.22093245156250002 0.5053983718749999 0.221269075 0.5091405265625 0.2170095484375 0.5074147250000001 0.2059765375 0.5020108515625 0.20684101250000003
3 0.520984521875 0.249463475 0.5208580359375 0.2491339671875 0.506613109375 0.24574642343750003 0.4994800515625 0.2430400984375 0.49485385937500004 0.2467914296875 0.4952955375 0.2479420390625 0.49768718281249996 0.2495760578125 0.5051752734375 0.2513395140625 0.5189371046875 0.2517029375 0.520984521875 0.249463475
3 0.4144293765625 0.339942578125 0.41101737656250004 0.342260553125 0.410072359375 0.344211278125 0.41098565000000004 0.3465904828125 0.4271830671875 0.3522170765625 0.439078040625 0.3476510234375 0.440202759375 0.346382453125 0.4144293765625 0.339942578125
6 0.49572667187499997 0.4122808296875 0.5005478515624999 0.3930885734375 0.5006364109375 0.383980496875 0.500157 0.379929953125 0.42594058593749995 0.3864395234375 0.42247883281250004 0.3867601328125 0.42345536875 0.39303960312499997 0.41793507031250005 0.4272204046875 0.415190471875 0.4360252078125 0.415602784375 0.4370993171875 0.41864891249999997 0.43561717499999997 0.48177358281249993 0.41829227187500007 0.49523512031249994 0.4131248703125 0.49572667187499997 0.4122808296875
6 0.4118809625 0.43507955000000004 0.414425296875 0.43410287187499996 0.41620975 0.429677346875 0.4182404328125 0.4200254046875 0.4226425 0.3941380578125 0.42159850312499997 0.3876828359375 0.41719942187500003 0.388363253125 0.41583243124999997 0.38666988281250003 0.41139076250000006 0.388173234375 0.41045005 0.395995253125 0.40782652031250005 0.4097060453125 0.4059379296875 0.422529784375 0.4049166296875 0.43542119843749993 0.40552744687500003 0.43701243125 0.40595808437500003 0.4373531296875 0.40899825468750006 0.43618611874999996 0.40947809062499996 0.43548772968750005 0.4118809625 0.43507955000000004
3 0.502779215625 0.42649173749999997 0.49755285625 0.4268847765625 0.49439488593750003 0.42871760937500003 0.5001213140625 0.4436354640625 0.5057114546875 0.444250328125 0.5081890828125 0.44329925625 0.509156240625 0.439368940625 0.502779215625 0.42649173749999997
3 0.44425290625 0.6153463015625 0.410966953125 0.6238890109375 0.4110657625 0.6302020374999999 0.4112425328125 0.6306625390625 0.4268335890625 0.6268321328125 0.45310722812500004 0.616746628125 0.4523764296875 0.6122279734375 0.44425290625 0.6153463015625
3 0.5428700656250001 0.630926984375 0.533414975 0.6287087109375 0.5264383359375 0.634814778125 0.5022667703125 0.6521592234375 0.48442208124999997 0.6626387921875 0.4813987046875 0.6651841234375 0.4815723015625 0.6656363578125 0.494200890625 0.6662451468749999 0.50229531875 0.6631379875000001 0.5185281484375001 0.6515631609375 0.5428700656250001 0.630926984375
3 0.25189235781249997 0.8390274218749999 0.2504524265625 0.835276271875 0.2491143515625 0.8335327328125001 0.215938053125 0.8236835390625 0.20744643593749998 0.8322429328125001 0.20775825937499998 0.8330552625 0.24120754687499998 0.84281890625 0.249035803125 0.8423647453124999 0.25177404375 0.8413136328125 0.25189235781249997 0.8390274218749999
3 0.6955175046875001 0.3503084953125 0.6891337125 0.3523557109375 0.687830803125 0.3583003 0.6841721859375001 0.3693788 0.6843951500000001 0.3699596390625 0.685388134375 0.3702579203125 0.6966489671875 0.3659352921875 0.7002539046875 0.3505068234375 0.6955175046875001 0.3503084953125
3 0.71081739375 0.2977442234375 0.709315475 0.2956993546875 0.7024594375000001 0.29651632499999997 0.6861415421875 0.3100394421875 0.6855722984375 0.311985603125 0.6860958453125 0.31334948906250004 0.688744509375 0.313738615625 0.6917814609375 0.3125728390625 0.6934947031250001 0.3114514015625 0.71081739375 0.2977442234375
28 0.570747478125 0.536441821875 0.5739788359375 0.53520141875 0.5761403953124999 0.52719306875 0.5475588046875 0.5321151234375 0.5400061828125 0.5348529875 0.5381069890625 0.53558201875 0.53705079375 0.539840046875 0.5377256765625 0.5415981765625 0.5568684187499999 0.538623809375 0.570747478125 0.536441821875
28 0.5254690875 0.48184493125000005 0.5059981 0.48528621562499996 0.48373283906250003 0.48798530937500006 0.48315966875000005 0.4910097875 0.48386289531250004 0.49284175625 0.5022133578125 0.49036867656250005 0.5190104046874999 0.487681596875 0.52422773125 0.48567885312500003 0.5254690875 0.48184493125000005
6 0.530344746875 0.7238544250000001 0.543375025 0.717642690625 0.55082026875 0.6716317234375 0.5503144765625 0.6703140875 0.464388978125 0.666900790625 0.45158974843750005 0.6849209625 0.43939769687499997 0.7045228765625 0.434867465625 0.71513430625 0.43125685625 0.7272075421875 0.43294006874999996 0.7390634859375 0.436659603125 0.7579168843749999 0.43818020625000004 0.7618781921875 0.46688334375 0.7518446046875 0.48549501250000004 0.7442969640625 0.501404740625 0.737181559375 0.530344746875 0.7238544250000001
3 0.386015321875 0.795348671875 0.374920003125 0.798196240625 0.353304503125 0.8016541453125001 0.3494489125 0.8140230640624999 0.3577997046875 0.8124306671875001 0.367052403125 0.814121690625 0.38190420468749997 0.8126551921875 0.4077150546875 0.8099057765625 0.42933005 0.80160855625 0.441545440625 0.7933907 0.42496445468750005 0.7912863984375 0.4022766984375 0.7947526109374999 0.386015321875 0.795348671875
28 0.45515154375 0.676879228125 0.4470419484375 0.6678934328125 0.4338232140625 0.6614737921875 0.42339308906250006 0.6666758625 0.4236761140625 0.66741316875 0.43247095 0.6831657375 0.44498102656249994 0.68346521875 0.44935385156249996 0.6817866484375 0.45515154375 0.676879228125
28 0.48987669062499994 0.9418919234375001 0.483808725 0.9363569937499999 0.45898983437499996 0.9556105328125 0.4599975734375 0.9582357828125 0.47223166406250006 0.9658958875 0.47567635781249995 0.96457359375 0.4893053375 0.95441166875 0.48987669062499994 0.9418919234375001
28 0.5144662390625 0.6068949734375 0.5091403765625 0.6032932859375 0.503601571875 0.6038062625 0.47797927968750004 0.6083157328125 0.478580728125 0.609882559375 0.48086068125 0.61273731875 0.5047491921875 0.6119861109375 0.5129366859375 0.6088432265625 0.5144662390625 0.6068949734375
28 0.57229939375 0.052157185937499996 0.5714687015625 0.05047976093749999 0.5500739140625 0.059281251562500005 0.5505448140625 0.060507987500000006 0.57229939375 0.052157185937499996