24 0.8145209843749999 0.043749737500000004 0.8180883859374999 0.0445445390625 0.8216075437500001 0.0446059671875 0.8211411906249999 0.0375166703125 0.8341685625 0.0372557078125 0.83560679375 0.029467121875000002 0.8265276859374999 0.0273552234375 0.8159251281250001 0.0379139796875 0.8145209843749999 0.043749737500000004
24 0.20576402656249998 0.43574864375000005 0.21629169843749999 0.4419147609375 0.218430509375 0.44195209375 0.2197491625 0.4328428609375 0.2087513140625 0.428744046875 0.205782178125 0.4347087625 0.20576402656249998 0.43574864375000005
24 0.5019072953125 0.480260315625 0.5018726640625 0.4822443328125 0.50505184375 0.4828980625 0.5127004187499999 0.48303156875 0.516181778125 0.47942966875000004 0.517637053125 0.47066466875 0.5072816265625 0.46706542500000003 0.5019072953125 0.480260315625
24 0.601636659375 0.4908349078125 0.6049099499999999 0.48816946093749997 0.6049149921875 0.48788060624999996 0.6012301390625 0.48262343750000003 0.5831254765625 0.4827922875 0.5829907734375 0.49050944375 0.601636659375 0.4908349078125
24 0.2705504640625 0.9320086156249999 0.27492313125 0.9367633874999999 0.2799725859375 0.9368515265624999 0.28824007812499997 0.9332354984375 0.2799141734375 0.925276478125 0.270565915625 0.9311233359375001 0.2705504640625 0.9320086156249999
17 0.4432588734375 0.967830984375 0.44724974531250006 0.9630170890624999 0.3936816875 0.9357108500000001 0.3923229921875 0.9389428359374999 0.392288834375 0.9408997359375 0.4432588734375 0.967830984375
28 0.5606065015625 0.2509071109375 0.5681561265624999 0.25857459375 0.5781418281249999 0.2460516484375 0.57380679375 0.23327873281249997 0.5633064984375 0.23797900625 0.560671003125 0.24721176250000002 0.5606065015625 0.2509071109375
17 0.9156059125 0.146603796875 0.9130873609375 0.141676278125 0.8533743781249999 0.1679819 0.8479512421875001 0.1727816484375 0.8479466468749999 0.1730449453125 0.9156059125 0.146603796875
3 0.580761640625 0.34962876875000004 0.5839311359375 0.35456765 0.584109059375 0.35457075625 0.6011746828125 0.3403156390625 0.592746515625 0.33821510312499997 0.5808102140625 0.346845990625 0.580761640625 0.34962876875000004
3 0.1337990359375 0.53726693125 0.14889001875000002 0.5306933671875 0.1451207109375 0.5228138828125 0.12910175937499999 0.530325421875 0.12907315 0.5319644625 0.1337990359375 0.53726693125
3 0.9668586124999999 0.701977396875 0.9709058640625001 0.7051246812499999 0.9753376984375001 0.7052020406249999 0.9924079421875 0.7005676109375 0.9860093000000001 0.6941072984375001 0.9668690671875 0.7013785296874999 0.9668586124999999 0.701977396875
3 0.21404805 0.960899959375 0.19975075 0.9593074218750001 0.19963839375 0.9657443234375 0.213269284375 0.9682117015625 0.21404805 0.960899959375
3 0.054687959375 0.9437335328125 0.0546485703125 0.9459901343749999 0.055533045312499994 0.9485613 0.0732860234375 0.9488711796875 0.076600909375 0.941750215625 0.076603115625 0.9416238546875 0.06554288593749999 0.9448291781249999 0.054687959375 0.9437335328125
3 0.4494408328125 0.8897151703124999 0.4532383578125 0.8929937515624999 0.45670943125 0.8930543390624999 0.4755175921875 0.8842015515625 0.47107177812499995 0.8777753265625 0.4494578640625 0.8887393953125 0.4494408328125 0.8897151703124999