18 0.7237798046874999 0 0.7189201640625 0.010968717187500001 0.71422985625 0.0224420234375 0.7164279625 0.035475096875 0.7154515609375001 0.048372596875 0.7164980828124999 0.052278271875000004 0.7359178078124999 0.08020034375 0.7695704375 0.11886034062499999 0.8021725171874999 0.1555314890625 0.8206319296875 0.176126659375 0.8266579125 0.177917515625 0.8285605687500001 0.17740770156250002 0.8393405484375001 0.1677081859375 0.8525921046875 0.16983330000000002 0.8598515109375 0.16505021875 0.8589480093749999 0.14429164218749999 0.8506282437499999 0.13062851874999998 0.841649034375 0.08649246875 0.7596060375 0 0.7237798046874999 0
1 0.8463841375 0.16876040781249999 0.8519019999999999 0.16953576406249998 0.856804071875 0.1682222578125 0.8601831609374999 0.16640869687499998 0.8588539718750001 0.144061428125 0.85025729375 0.13115360625 0.850111753125 0.131192603125 0.8457169625000001 0.13850010937499999 0.8435410546875 0.148732096875 0.8443686375 0.1612384546875 0.8463841375 0.16876040781249999
28 0.7610707671875 0 0.7683856203125 0.00794521875 0.7828745078125 0.0040629328125000004 0.7938232203125 0.0130485328125 0.8090549875 0.014401826562500001 0.8110814203125001 0.013858845312500001 0.806766209375 0.0004990999999999999 0.8061560140624999 0 0.7610707671875 0
28 0.6984341953125 0.47594685937500003 0.71156814375 0.462509071875 0.72755080625 0.44971274531249994 0.740822475 0.429696628125 0.7555357984375 0.3831852828125 0.75474684375 0.3589905015625 0.74435590625 0.33566580625000003 0.7308927953125 0.327921525 0.719981240625 0.33935904843750003 0.7090671140625 0.36044622187500003 0.697879003125 0.39693161875 0.677151334375 0.413269709375 0.6648455906249999 0.43302700468750005 0.669811965625 0.451561765625 0.6782163531250001 0.46747255625 0.68704900625 0.47532239687500005 0.6938746890624999 0.47716857656249995 0.6984341953125 0.47594685937500003
28 0.7708800703125 0.4007271890625 0.7224449500000001 0.3484329953125 0.717738828125 0.3829087640625 0.71966848125 0.3901103265625 0.7279262953125001 0.4065607625 0.7625750671875 0.442584175 0.7632140890625 0.44241295 0.7708800703125 0.4007271890625
28 0.40334528281250004 0.5631037906249999 0.391144890625 0.5500264109375 0.3807090640625 0.535227525 0.3851604671875 0.5141692796874999 0.375772615625 0.511008890625 0.36916206093750004 0.5127801843750001 0.37080495468749997 0.51891155 0.3787896 0.5425528734375 0.3911572765625 0.5568341171875 0.403007209375 0.5631943781250001 0.40334528281250004 0.5631037906249999
4 0.2990781234375 0.3548697140625 0.302513028125 0.33829815937499996 0.30746959218750003 0.340375565625 0.2929786203125 0.2988515609375 0.283862175 0.28994259375000003 0.2709666484375 0.2843165703125 0.26312469374999997 0.289823328125 0.2581655546875 0.29739556562499997 0.25663105 0.310142046875 0.257674353125 0.314035709375 0.273239075 0.33819589375 0.28662994999999997 0.3505002171875 0.2977349046875 0.355229628125 0.2990781234375 0.3548697140625
28 0.24983843125 0.5815891609375 0.2537982984375 0.5552989359375 0.24564190468749997 0.5471259984375 0.2452589984375 0.5472285984374999 0.242596909375 0.5716918140625 0.24370104062500003 0.5758124890625 0.2490645265625 0.5817965296875001 0.24983843125 0.5815891609375
28 0.26460644218749996 0.5436620859375 0.25718122499999996 0.539550121875 0.2571849859375 0.541616746875 0.2581934640625 0.5453804375 0.26460644218749996 0.5436620859375
28 0.7594164203125 0.8510705281250001 0.76073314375 0.8467871828125 0.744291203125 0.82438855625 0.7435699015624999 0.8245818281249999 0.7413756375 0.8273076843749999 0.7416617953125 0.8283756406249999 0.7588304296875 0.85122754375 0.7594164203125 0.8510705281250001
28 0.68769585 0.3068883171875 0.679216796875 0.311587021875 0.6806118624999999 0.3167934765625 0.683998815625 0.3220685734375 0.69868141875 0.3367653796875 0.6989777484374999 0.336685978125 0.68769585 0.3068883171875
28 0.1240278359375 0.34700228437499997 0.12067702031250001 0.3422242765625 0.1137014078125 0.348066484375 0.10932739218750001 0.3452654 0.10838197812499999 0.34849854687500004 0.108575721875 0.34922160625 0.11252135 0.35235578125 0.114024303125 0.3526909265625 0.12065592031250001 0.350913990625 0.1240278359375 0.34700228437499997