12 0.333729246875 0.7458336328125 0.33992127499999997 0.7453362578125 0.3576087140625 0.7529554468749999 0.3579022203125 0.7527720453125 0.3618958921875 0.7478086421875 0.3606507171875 0.745815946875 0.346027690625 0.7342951859375 0.3417849828125 0.726349134375 0.3171482734375 0.712360734375 0.3087479234375 0.7127929515625 0.30614919218750003 0.7201971046875 0.308010253125 0.7293905296875 0.3082028125 0.729698690625 0.333729246875 0.7458336328125
28 0.20184275937499999 0.5211557124999999 0.20012611093750002 0.5187842984375 0.1911630453125 0.5171596843749999 0.18306531875 0.522701396875 0.1909454890625 0.5283745109375 0.19720109531250002 0.5252302578125 0.2023704015625 0.5220001171875001 0.20184275937499999 0.5211557124999999
4 0.3701884390625 0.4219948203125 0.3649221359375 0.420649303125 0.34862119375 0.4287700140625 0.3458309234375 0.4305135671875 0.344656009375 0.436203128125 0.34335664375 0.43990520312500003 0.3475134703125 0.44019787343749994 0.354874546875 0.44041506874999997 0.368480828125 0.43294253281249995 0.3738404 0.4295935015625 0.3720013828125 0.42489613593750003 0.3701884390625 0.4219948203125
6 0.368252171875 0.504664625 0.3789368453125 0.5019500046875 0.383241534375 0.49926013593749996 0.3795549625 0.4903764984375 0.3717614890625 0.48368582812499994 0.36877343906250004 0.4869980421875 0.359723134375 0.492171609375 0.3488546421875 0.49270101874999994 0.347728128125 0.5001486109375 0.3598518234375 0.5050968421875 0.368252171875 0.504664625
4 0.8326381890624999 0.248014790625 0.828536040625 0.246803775 0.8234225015625001 0.24999906875 0.8205029109374999 0.267099040625 0.823619921875 0.27382174843749996 0.8272694843749999 0.2752322 0.82923869375 0.274001703125 0.8308945718749999 0.2721661828125 0.8353114890625 0.2694061875 0.8375368828124999 0.2558543390625 0.8326381890624999 0.248014790625
1 0.8238691593749999 0.27104079375 0.8276810187500001 0.2749750453125 0.8281504328124999 0.27468172343749997 0.8298447171875001 0.2701969921875 0.826121103125 0.267706859375 0.8238691593749999 0.27104079375
4 0.8551006609374999 0.364469571875 0.8672682437500001 0.363128396875 0.8893162562500001 0.3525364484375 0.8902256296875001 0.351968209375 0.8889652281249999 0.3499511453125 0.8834645125 0.34337403593750004 0.8534566796874999 0.34911936718750003 0.84830365625 0.35185764375 0.840249278125 0.3568905765625 0.8348797828125001 0.359282428125 0.8393392328125 0.36468459375 0.8551006609374999 0.364469571875
28 0.510700284375 0.6204438921875 0.514754815625 0.6179103390625 0.5209860921875 0.5871503171875 0.514837684375 0.5842486015625 0.507606109375 0.5882856999999999 0.4989453984375 0.59466089375 0.49712748125 0.5871264265625 0.48682143125 0.5926029796875001 0.5008491953124999 0.6098487484375 0.510700284375 0.6204438921875
23 0.6713756156249999 0.8158850781250001 0.6652700125 0.8182552109375001 0.654356 0.8424159015624999 0.651626953125 0.8542367015625001 0.645476915625 0.8686768624999999 0.6393257921875 0.8946782750000001 0.64551700625 0.9028518375000001 0.652054734375 0.9098454953124999 0.660151375 0.9158650328125001 0.6769956968749999 0.9116015093750001 0.6947061703124999 0.9058333734374999 0.71601075625 0.8983010765625 0.729694178125 0.8936042515624999 0.7375754359375 0.8877161140625001 0.7531645546875 0.8779749515624999 0.7642497890625 0.874901653125 0.783301071875 0.8851548515625 0.80488639375 0.8972325718749999 0.8078747 0.895365271875 0.811783475 0.889861053125 0.8112959656250001 0.8890808734375 0.8025262968750001 0.8875923171875 0.800708653125 0.8771675328124999 0.7772412640625 0.8610033906250001 0.7528215671875 0.8415807937500001 0.71367999375 0.8188334906250001 0.7050639890625 0.8102483453125 0.69441359375 0.793782303125 0.6713756156249999 0.8158850781250001
28 0.7534579406249999 0.7930261328125 0.7346170609375 0.7545747265625 0.7278152890625 0.7436896171875 0.7001316953125001 0.7679551375 0.75300450625 0.7933094703125 0.7534579406249999 0.7930261328125
28 0.29531504218750004 0.49155885312500003 0.294500553125 0.4866283125 0.2937132796875 0.4853684109375 0.27460470625 0.5015316890625 0.288925671875 0.49555137499999996 0.29531504218750004 0.49155885312500003