14 0.6088045234374999 0.693589159375 0.7515453671875 0.5626209765625 0.7539112343750001 0.5665137687499999 0.7912551640625 0.57888269375 0.7736518390625 0.5417768 0.7407510078125 0.46497611250000004 0.636289546875 0.2185525296875 0.6176628296875 0.21981866718749998 0.5241629359375 0.29439070156249997 0.44157509531250005 0.3768175546875 0.4411395640625 0.379916528125 0.49077864531250004 0.488751396875 0.5696895125 0.6665278765625 0.594863078125 0.6916298171874999 0.6088045234374999 0.693589159375
7 0.7767242109375 0.611027371875 0.778611425 0.5837812734375001 0.76423864375 0.57205143125 0.7425023265624999 0.57126223125 0.7188763046875 0.5929869703125 0.7171665468749999 0.605152525 0.7269144265625 0.618268221875 0.729596184375 0.619049696875 0.7406324984375 0.6206007484375 0.7767242109375 0.611027371875
7 0.7173844671875 0.619578859375 0.7145137687500001 0.6279143031250001 0.711183275 0.653339246875 0.7038231578125 0.7057091921875001 0.70862995 0.7215968890625 0.7130180125 0.7224361109374999 0.725046709375 0.7241266328125 0.7380879390625 0.7244422890625 0.750108153125 0.7131851124999999 0.750308865625 0.6219606734375 0.750097825 0.6219310140625 0.73679995 0.621336540625 0.727977484375 0.6188222031249999 0.7245061109375001 0.6183343328124999 0.7173844671875 0.619578859375
7 0.6961104890625001 0.711361478125 0.704574609375 0.6960442359375001 0.709318365625 0.6691995984375 0.7130640500000001 0.6270025453125 0.714788703125 0.613003771875 0.716603425 0.6087275359375 0.7038532078124999 0.6079066 0.7004618109375 0.616492525 0.6970112234375 0.628954084375 0.6896481171875 0.6450733890625 0.662304765625 0.6923846874999999 0.66152999375 0.697897478125 0.662129215625 0.70270176875 0.6752890390624999 0.7092443703125 0.67913743125 0.7097852265625 0.6961104890625001 0.711361478125
7 0.6985810406249999 0.6203751296875 0.6883150734375 0.615695715625 0.6285712828125 0.6746211093750001 0.6259090328125 0.6849278234375 0.6364134734375 0.6948193578125 0.6481320171875 0.699116278125 0.651736353125 0.6996228343750001 0.6579713625 0.6968781328125 0.6878861546875 0.6463833875 0.6971386125000001 0.6289113015625001 0.6985810406249999 0.6203751296875
7 0.7606272625 0.788175365625 0.7676039218749999 0.7765330265625 0.7713200109375 0.736273790625 0.7640143859374999 0.727802809375 0.699667978125 0.7210251484375 0.6904855765625 0.7276353375 0.68678169375 0.7539898390625 0.6848988640625 0.7742958062499999 0.696530634375 0.781655328125 0.7125220671875 0.7839027781250001 0.7606272625 0.788175365625
7 0.7474132625000001 0.8800388343750001 0.7565477656249999 0.8754966765625 0.7639258859375 0.86099779375 0.7636372484375 0.7887804515625 0.72004093125 0.786786684375 0.71927288125 0.7922516468749999 0.7194714765625 0.8612233874999999 0.725284378125 0.8772120265625001 0.7459162046875 0.8801116406249999 0.7474132625000001 0.8800388343750001
7 0.705003575 0.8799651578125 0.705731865625 0.8713286171875 0.6934067234375 0.7932120406250001 0.6869640640625 0.785509665625 0.678989334375 0.781799590625 0.6660310953125 0.78418604375 0.6575811328125 0.7907663828125 0.65253565625 0.7955765875 0.6497431875 0.8154460390624999 0.66454450625 0.893921284375 0.6838523359375 0.896634821875 0.6949919453125 0.892475609375 0.705003575 0.8799651578125
7 0.6255367859375001 0.8952764796875 0.629195821875 0.8847861921875 0.6344169515625 0.87354445625 0.6338503640625001 0.85857634375 0.6009503890625 0.79213298125 0.5919342671875001 0.788923871875 0.5831120109375 0.7912442734375 0.5730553484375001 0.7988934578125 0.5652789859375 0.8101806593750001 0.5629026625 0.8270890812499999 0.566110421875 0.8344912953125 0.59975394375 0.8990162640625 0.6126078203125 0.900822759375 0.6255367859375001 0.8952764796875
7 0.62847596875 0.7973365578125 0.6841032359375 0.7670027203124999 0.68862353125 0.7365663890625 0.68286455625 0.7205448718749999 0.67366958125 0.7134266734375 0.6130306625 0.7424493015625 0.60370393125 0.7613134859375 0.6032750796874999 0.7643649234375001 0.6092253578125 0.7833433234375 0.6176916140625 0.793919396875 0.6228837640625 0.796550625 0.62847596875 0.7973365578125
7 0.5808031125 0.7559237515625 0.63579250625 0.7307597875 0.645253840625 0.720437634375 0.6466512343749999 0.7070401921875 0.6458174359375 0.6991551046875 0.6358937390625 0.6954947828125 0.6264306937499999 0.6851022828125 0.6297624734375 0.675213328125 0.6077452125 0.6954227171875 0.5975092703125 0.6939841484375 0.5901294421875 0.687768378125 0.56848319375 0.6967017171875 0.5628005593750001 0.7043183046875 0.560168759375 0.7230445296875 0.5635918875 0.7384141 0.57019881875 0.7535838015625 0.5740392234375 0.75497315 0.5808031125 0.7559237515625
7 0.5044062031250001 0.6599826656250001 0.5062476921875 0.6602414703124999 0.5209178046875 0.65558721875 0.5338305812499999 0.6431608328125 0.53995885625 0.627191646875 0.54076135 0.6162998984375 0.5129512484375 0.5706389578125 0.50552553125 0.5492045921875001 0.49671743125 0.5427880921875 0.48639270156250003 0.5471629734375 0.47258736093750003 0.5607585687500001 0.46612400000000004 0.5726348796875 0.46560935 0.5762968078124999 0.4684385046875 0.5850975109375 0.469123471875 0.5923143578125 0.494626896875 0.6302068734375 0.5044062031250001 0.6599826656250001
7 0.4502132546875 0.833819734375 0.454936765625 0.8297095562499999 0.48243851718749997 0.7445674390625 0.4820799546875 0.7263919343749999 0.44851472656249997 0.71131744375 0.4391130078125 0.7229426265625001 0.4126767765625 0.8069802984375001 0.41220635000000005 0.8103275515625 0.41513817968750005 0.819261290625 0.43025469375 0.8291536828125 0.44094828281250004 0.832517628125 0.4502132546875 0.833819734375
7 0.39389393125 0.4487970859375 0.40463922343750003 0.45030723906250003 0.4085612703125 0.44677220625 0.4191532140625 0.4353142984375 0.42594930781249996 0.39904821875 0.43985801875 0.376080934375 0.45028611874999996 0.3623343609375 0.45293335625 0.350407225 0.4475320921875 0.342203884375 0.43482562812500003 0.330708228125 0.420527903125 0.3270805 0.41355081718750003 0.333544175 0.40554777656249996 0.3473079046875 0.396786846875 0.3716459890625 0.38740185 0.40560624531249995 0.37857959375 0.40792664843750004 0.3748583671875 0.413677740625 0.374466628125 0.4164651046875 0.3740584453125 0.42800565468749996 0.38007004843750003 0.4405023859375 0.39255305156250003 0.44840634843749994 0.39389393125 0.4487970859375
7 0.347127078125 0.3601152578125 0.366619803125 0.38027187812499996 0.36815512031250003 0.380487653125 0.38380190625 0.3772450875 0.397190775 0.3648856125 0.40488114062499997 0.3481649765625 0.4092247171875 0.33971286875 0.3978109953125 0.308655471875 0.3489195203125 0.2661813296875 0.3388774421875 0.270272271875 0.33054671562500004 0.2794586703125 0.3253097203125 0.27872265937499996 0.3224982125 0.283182465625 0.3216511109375 0.294391609375 0.31565964062499996 0.3072283515625 0.3151955421875 0.3105305765625 0.31684731093749996 0.314754553125 0.320240415625 0.326883278125 0.33714248125 0.339615915625 0.347127078125 0.3601152578125
7 0.1592933125 0.3752873671875 0.1531324515625 0.3569437296875 0.134564925 0.354334234375 0.117366478125 0.355801103125 0.1054054546875 0.363182646875 0.10440952343750001 0.37372354531249996 0.10146462187500001 0.3843141984375 0.101859190625 0.4782318296875 0.11148607968749999 0.49091299375 0.11401160625 0.49151068125 0.12465498281250001 0.49300650937499996 0.139307346875 0.4915863921875 0.1541545078125 0.48266849375 0.15940523125 0.4694889390625 0.1592933125 0.3752873671875
24 0.3347558234375 0.297871896875 0.33537989218750003 0.2882497234375 0.326363340625 0.27986195 0.32374376875 0.2833878609375 0.32242591875 0.29276485625 0.3227493375 0.2952135078125 0.32887655625 0.3008081984375 0.331815903125 0.301221296875 0.3347558234375 0.297871896875
24 0.49032677031249994 0.55673796875 0.4867114859375 0.5565535359375 0.4803797578125 0.5610160921875 0.48009425468750005 0.56304755625 0.480313428125 0.5635031671874999 0.482802984375 0.5638530515625 0.48590856406249994 0.5622666203125 0.49032677031249994 0.55673796875
24 0.6695263953125 0.7839288046874999 0.6640694484375 0.7920985703125 0.6640456453125 0.7922679375 0.66651270625 0.7947929953124999 0.6698044265624999 0.795255615625 0.674927659375 0.7921321453125 0.6695263953125 0.7839288046874999
24 0.39029826875 0.4497684609375 0.3826394359375 0.44294706875 0.38141596718750004 0.44560717343749995 0.38107876093750004 0.44800651562500005 0.383795190625 0.4505335125 0.3871006078125 0.4509980578125 0.390278621875 0.44990826562499997 0.39029826875 0.4497684609375