14 0.6990561890625 0.6710895375 0.7271985109375 0.6985771546875 0.7276429 0.657509809375 0.731739034375 0.574059034375 0.7458746828125 0.30678209375 0.7285780625 0.299754675 0.6118506859374999 0.32579192031250004 0.5014876734375 0.363672559375 0.49973772031249997 0.36626697343750003 0.496642965625 0.485847446875 0.489635503125 0.6802241359375001 0.5012573875 0.713820975 0.51292895625 0.721693546875 0.6986362484375 0.6665535921875 0.6990561890625 0.6710895375
7 0.7059108515625 0.6805939953125 0.6867203421875 0.6703560921875 0.6559619140625 0.6795251906249999 0.649092165625 0.6897100125 0.652103959375 0.7057715109375 0.65417173125 0.7076495015625001 0.6634111671875 0.7138815796875 0.7000468765625001 0.7210986515625 0.713686996875 0.6974373203125 0.7059108515625 0.6805939953125
7 0.6225907687500001 0.73039705625 0.5930180671875 0.7742403890625 0.590373675 0.790627315625 0.5939497484375 0.7933052015625 0.6040199937499999 0.8000976671875 0.6156029984375 0.8060982750000001 0.6313415171875 0.8012497078124999 0.6715120781249999 0.7193457125 0.6713353984375 0.719226540625 0.6596439468749999 0.7128628265625 0.65281658125 0.7067354406249999 0.6499103984375 0.7047751953125 0.64296394375 0.7027718453125 0.6367297578125 0.7090052609375 0.6225907687500001 0.73039705625
7 0.6139618796875 0.7438347234375 0.6358264484375 0.7075502640625 0.6435132140625 0.6957242875 0.647018853125 0.6926763546875 0.6359189093750001 0.6863491734375 0.6291069203124999 0.6925794625 0.620542765625 0.7022671984375 0.6068586109375 0.7135273609375 0.5615426609374999 0.7440639390625 0.5584296515625 0.7486791640625 0.556862165625 0.7532599140625 0.56582205 0.7649092515625 0.569043865625 0.7670823953125 0.5836081671875 0.7759396171875 0.5979303046875 0.7658829984375 0.6139618796875 0.7438347234375
7 0.539010246875 0.7133103546874999 0.5320992671875 0.7214069140625 0.53720443125 0.7349022093750001 0.5458533437499999 0.7439013265625001 0.5488708390625 0.7459366546874999 0.5556780265625 0.74620298125 0.604700703125 0.7139323859375 0.620676015625 0.7022845890625 0.6257144734375 0.6952446484375 0.618538803125 0.686538515625 0.539010246875 0.7133103546874999
7 0.6402851984375 0.8313003406249999 0.6374323796875 0.820484096875 0.5825693421875 0.78618476875 0.5714185390625001 0.7881006671875 0.55653645625 0.8101642609375 0.54594263125 0.8275897640625001 0.5531709953124999 0.8393034921875 0.5665587828125 0.8483336687499999 0.6079224671875 0.8732617749999999 0.6192967125 0.865856075 0.6402851984375 0.8313003406249999
7 0.578963996875 0.9401601609375 0.610362571875 0.8751251140624999 0.572052471875 0.8542217593749999 0.5689664703124999 0.8587969453125 0.538909746875 0.9208753937499999 0.5371253890625 0.9377940953125 0.5543980453125 0.9494446484375001 0.5557755078125 0.9500354765625 0.5659766953124999 0.949957315625 0.578963996875 0.9401601609375
7 0.5452971125 0.8483211640625001 0.5428829875 0.8385740374999999 0.5373417375 0.8317435546875 0.5246487984375 0.828207965625 0.5141693921875 0.8304181156249999 0.5075258921875 0.8325297078125 0.49630584375 0.8491641140624999 0.47520789687500004 0.92618566875 0.491372121875 0.9370885765624999 0.5032076171875 0.938233584375 0.51769023125 0.9313780734374999 0.522130825 0.9239348656249999 0.5452971125 0.8483211640625001
7 0.45706204375 0.8946640468749999 0.4631143875 0.8809624203125 0.4626709390625 0.8068211218749999 0.4559740828125 0.7999843859375 0.44702749375 0.7982025265625 0.43463544374999996 0.8006690171875 0.4226981125 0.8074049546875001 0.4131501234375 0.82156043125 0.41278832187500003 0.8296196859375 0.414741034375 0.90236269375 0.42550210625 0.909621128125 0.4395539109375 0.9103038515625 0.44744127031250003 0.902479259375 0.45706204375 0.8946640468749999
7 0.5658298265624999 0.7953115765625001 0.5676770671875 0.7783869640625001 0.5625330890625 0.7679583562500001 0.4953085078125 0.76746136875 0.478656184375 0.7803278171875 0.476933071875 0.782882434375 0.4739615640625 0.8025485375000001 0.47693473906249995 0.8157656109375001 0.4804479578125 0.8204066328125 0.48512966718749995 0.8235644859375 0.5484246046875 0.8206860031250001 0.5658298265624999 0.7953115765625001
7 0.5339197890625 0.7618031265625 0.5410488109375 0.7503741625 0.5437559921874999 0.7429215796874999 0.5364412109375001 0.735281440625 0.5324916546875 0.721792396875 0.5398212703125 0.7143648203125 0.5111730765625 0.7228771671875001 0.5026036984375 0.7170970484375 0.498695565625 0.708275246875 0.4753239296875 0.7068153875000001 0.46687751874999994 0.711170028125 0.45630303593750005 0.72684734375 0.452642146875 0.7421620234375 0.4519304578125 0.7586927484375 0.45477314062499996 0.7616250078125 0.4604357671875 0.765444496875 0.5208910625 0.7669330390625 0.5339197890625 0.7618031265625
7 0.45059585 0.649010628125 0.4676491453125 0.6435024546875 0.480157634375 0.6318359046875 0.4856535390625 0.62239825625 0.48067442343750005 0.569167328125 0.483396440625 0.546647028125 0.47829258125 0.5370186984374999 0.46709495468749995 0.5364247515625 0.4487268796875 0.5425925296874999 0.4377114171875 0.5504335359375 0.43564356875000004 0.553499246875 0.434328421875 0.5626494875 0.4317804109375 0.569436215625 0.43809175 0.6146737484375 0.43382848437500005 0.6457230203125001 0.4353701515625 0.6467628875 0.45059585 0.649010628125
7 0.37700453437500003 0.7121173093750001 0.384649878125 0.6956240921875 0.361089871875 0.667361203125 0.34754351875 0.6736884046875 0.2869431015625 0.7376320828125 0.28505294531250003 0.740434353125 0.28377176406250004 0.7497491734375 0.2930218578125 0.7652670406250001 0.301158534375 0.7729782953125001 0.3089150296875 0.7782101171875 0.31496227656250003 0.7765865640625 0.37700453437500003 0.7121173093750001
7 0.44114894375 0.412075075 0.4556917359375 0.406419978125 0.47769802656250004 0.376803453125 0.5002672890625 0.362257771875 0.5156661031249999 0.3544738125 0.5232739375000001 0.344914246875 0.5220154203125 0.33517337343750003 0.515634290625 0.3192709984375 0.504373871875 0.3097427078125 0.4952694203125 0.3124936671875 0.4820427125 0.321356125 0.463499328125 0.3393905109375 0.44017695156250003 0.365799675 0.4312303625 0.36401781718750004 0.4253646328125 0.36755558593750004 0.42379064062499994 0.369889125 0.418364725 0.3800827671875 0.4182897109375 0.39395006875 0.426044490625 0.406526290625 0.4270783765625 0.4074652859375 0.436074175 0.413533028125 0.44114894375 0.412075075
7 0.433889371875 0.3347860234375 0.44937405625000004 0.338730725 0.46682592968750003 0.3334913953125 0.48106782968750006 0.321834221875 0.4886769703125 0.3161416171875 0.49203305 0.283223965625 0.46670912343750004 0.22361584843750001 0.4558900125 0.22289060625 0.444375353125 0.2274953359375 0.43999101874999996 0.224538065625 0.43550900156249994 0.22731402968749997 0.42983386718750005 0.23701739531250002 0.41882151093750003 0.2459284953125 0.41695678281250004 0.24869306875000002 0.4165897125 0.25321364062499996 0.41432253125 0.26560230625000003 0.42393238593750004 0.2844557015625 0.4239201625 0.30725734843749997 0.4326040265625 0.333919046875 0.433889371875 0.3347860234375
7 0.2354047984375 0.208880284375 0.2193039046875 0.2026593953125 0.2053175515625 0.20405051406250002 0.1998015890625 0.21308802343750002 0.1925120921875 0.22131587968750002 0.15169595 0.30590145468749996 0.1547894828125 0.3215193609375 0.15679740312499998 0.3231636765625 0.165707878125 0.3291738671875 0.1794998734375 0.334320646875 0.1967537640625 0.33281385937499997 0.20725061875 0.3232699203125 0.248445278125 0.23855304687499998 0.250949253125 0.2193651515625 0.2354047984375 0.208880284375
24 0.44043857343750004 0.2260239296875 0.4365384609375 0.228044653125 0.43124337968750004 0.2358949328125 0.43046065 0.23823754375 0.4335152046875 0.2459520140625 0.4359759828125 0.2476118296875 0.44008664687500004 0.24589018437500001 0.44486563749999997 0.23751540625 0.44043857343750004 0.2260239296875
24 0.45561775000000004 0.5462399515625 0.45447060468749995 0.5479406640625 0.4544678703125 0.5484462437500001 0.4565520890625 0.5498520671875 0.46003881093750004 0.5497875890625 0.46643347031250004 0.5467552828125 0.46326492343750003 0.5450046796875 0.45561775000000004 0.5462399515625
24 0.5193214187499999 0.834601559375 0.5204318859375 0.8379525546875 0.5231876640625 0.83981135 0.5291616359375 0.839249871875 0.5279031187500001 0.829509 0.519417059375 0.83445976875 0.5193214187499999 0.834601559375
24 0.4172616234375 0.3991282328125 0.4159067421875 0.40113692500000003 0.41724049062499996 0.4045989796875 0.4200077359375 0.406465509375 0.42334185 0.406879159375 0.4234207953125 0.40676211875 0.4195273828125 0.3972736796875 0.4172616234375 0.3991282328125