6 0.48716240156249996 0.5694579375 0.49717195 0.5684730265625 0.51308969375 0.5646374187500001 0.5246047671875 0.5548808578125 0.5241316 0.5462282625 0.507150015625 0.48723205625 0.501092875 0.48147389531250007 0.48907152187499997 0.4782693625 0.47466832812500004 0.4788545046875 0.462006125 0.4829749328125 0.457054875 0.48889006718749994 0.4569668796875 0.48989587031250004 0.456832321875 0.5467987375 0.45396984375000005 0.5560821328125 0.45918639843750003 0.5620742921875 0.47018025 0.5676492734374999 0.47499481875000005 0.5683934125000001 0.48716240156249996 0.5694579375
28 0.5581592546875 0.59153856875 0.5625822171875 0.592540615625 0.5678457625 0.5933086578125 0.5705608484375 0.5950839109375 0.568677875 0.5969797078125 0.5704633421875 0.5971359171875 0.5765848765625 0.596533575 0.5813282625 0.5938731374999999 0.5853645734375 0.5899206671874999 0.5884534875 0.587423028125 0.5932769796875 0.5838469734375 0.5977736390625 0.5793196921875 0.600021965625 0.577056053125 0.6044983312500001 0.5774476843749999 0.605632640625 0.573856409375 0.6060331734375 0.5692783109375 0.6045122125 0.567915071875 0.605292984375 0.5636777796875 0.6023845734375 0.55942526875 0.600563478125 0.556805603125 0.6010569390625 0.5605392874999999 0.5988887171874999 0.5618873062499999 0.5938986015625 0.5626808999999999 0.5895888593749999 0.565071734375 0.5803157046874999 0.5679509515625 0.5784209125 0.57086060625 0.5746783265625 0.5714558015625 0.570335471875 0.5695381359375 0.566533071875 0.5661300421875 0.5616497625 0.5657028078125 0.5591013 0.5667100171875 0.5572599140625 0.569009259375 0.5488445328125 0.5691731203125 0.5487741546875 0.569977553125 0.549454315625 0.573862128125 0.5501143984375 0.5803782796875 0.5503942390625001 0.5865536171875 0.55338275625 0.5898905078125 0.5572919656249999 0.592077778125 0.5581592546875 0.59153856875
3 0.5858188656250001 0.54096345625 0.5854716046874999 0.5449326703125 0.58942768125 0.55644643125 0.591618378125 0.5566380921875 0.594456996875 0.5565327640625 0.5907485828125 0.542676434375 0.588520546875 0.540021165625 0.5858188656250001 0.54096345625
3 0.5892845343750001 0.5361514578125 0.5799857390625001 0.5205758625 0.5780303046874999 0.519374515625 0.5773690234375 0.5193166609375 0.5750381859375 0.52076578125 0.574879975 0.5225741328125 0.5826666515625 0.5368026390625 0.5838674515625 0.537138353125 0.5865804 0.5373757046875001 0.5892845343750001 0.5361514578125
3 0.5682616515625 0.5294991484375 0.571368221875 0.5297709375 0.573610553125 0.5265380140625 0.550198471875 0.517842184375 0.549875865625 0.5215295906249999 0.5682616515625 0.5294991484375
3 0.5620794390625 0.48960816874999996 0.5607056140625 0.505311053125 0.565652309375 0.5057438328125 0.567683171875 0.49117483125000005 0.5620794390625 0.48960816874999996
3 0.5348334625 0.5141882718749999 0.5353318875 0.5156388875 0.5376107640625001 0.5158382640625 0.5467362015624999 0.5120696234375 0.54385449375 0.5075119078125 0.535161175 0.510442496875 0.5348334625 0.5141882718749999
3 0.539017890625 0.46636003437499995 0.5474552359375 0.48376170468749996 0.5510917546874999 0.484079859375 0.5530671328125 0.48352995625000006 0.5463167984374999 0.46694715000000003 0.539022359375 0.4663089703125 0.539017890625 0.46636003437499995
3 0.529995421875 0.49777661562500003 0.529896290625 0.4989096984375 0.531045625 0.502716140625 0.5331454484375 0.5028998515625 0.53946058125 0.49715541406249997 0.5394732656250001 0.497010440625 0.5348911296875001 0.49419534374999996 0.529995421875 0.49777661562500003
3 0.5419364171875001 0.5021004921875 0.54287529375 0.502182634375 0.543173021875 0.4987795796875 0.5288077609374999 0.4934239625 0.5284873359375 0.4970864453125 0.5419364171875001 0.5021004921875
3 0.546980759375 0.496267940625 0.550002309375 0.4965322921875 0.55033208125 0.4927629890625 0.5293392859375 0.487348609375 0.52896545625 0.491621503125 0.546980759375 0.496267940625
3 0.5531020390625 0.5062142953125 0.5556938140625001 0.5061181265625 0.5584302531249999 0.4842144484375 0.5536003484375 0.48317680156250004 0.5523208953125 0.493582775 0.5512301078124999 0.506050521875 0.5531020390625 0.5062142953125
3 0.5856031453125 0.5639541703125001 0.5899709953125 0.5643363078125 0.5937956640625 0.5632716046875 0.5813080390625001 0.5566670953124999 0.5809970546875001 0.56022165625 0.5856031453125 0.5639541703125001
3 0.573009190625 0.5618849781249999 0.579397375 0.5681166421875 0.5823646625000001 0.5683762453125001 0.5869878875000001 0.567089240625 0.5777553156249999 0.5601306375 0.5732474062499999 0.5591621671875 0.573009190625 0.5618849781249999
3 0.5511756640625001 0.5604558515625 0.5513908328125 0.5609609812499999 0.5587076515625 0.5616011203125 0.561408159375 0.5616682359375 0.5617285843750001 0.558005753125 0.5513723781250001 0.55820740625 0.5511756640625001 0.5604558515625
3 0.8132432640625 0.6306422421875 0.8126740640625 0.6371482312500001 0.8177733625 0.6375943609375 0.8169026828125 0.6300602734375 0.8132432640625 0.6306422421875
3 0.467742125 0.06700225 0.46772930468749996 0.057774843750000006 0.46348301249999996 0.05686257812499999 0.46259895 0.06696746406250001 0.4657832734375 0.06724605624999999 0.467742125 0.06700225