16 0.4838892421875 0.6419054562500001 0.4791127421875 0.64025739375 0.473795790625 0.640099765625 0.46679766562499997 0.6404101359375 0.46053331875000003 0.641707334375 0.46119981250000003 0.6528371875000001 0.4622337234375 0.6550804421875001 0.47370821406249997 0.6551617015625 0.482007271875 0.6540425187500001 0.48550312812499996 0.6515804796875 0.48653063124999996 0.6492100328125 0.4963773515625 0.64914888125 0.5107538421875 0.6488689453125 0.522255034375 0.6486449999999999 0.5334026890625 0.6477750343750001 0.541268103125 0.64692545625 0.54217060625 0.64545645 0.542267646875 0.6443472765625 0.5407479421875 0.6434969765624999 0.5350774515625 0.6426933296875 0.5240366062499999 0.6423424671875 0.5137295374999999 0.6429784296875 0.502581884375 0.6438483921875 0.4869044609375 0.6449371390625 0.485410203125 0.64326869375 0.4838892421875 0.6419054562500001
28 0.565657928125 0.7276979921875 0.587258275 0.7350620421875 0.5921384859375001 0.7354890046875 0.5923432281250001 0.7353048171875 0.5925405890625 0.733048959375 0.5695073234375 0.7258819703125 0.565657928125 0.7276979921875
3 0.46799156875000003 0.9942811218750001 0.47754086874999996 0.9718411734375 0.47798995 0.966708153125 0.473917321875 0.9640452734375 0.46077341718750003 0.99241944375 0.46799156875000003 0.9942811218750001
3 0.6381062109375 0.8836406125 0.641714253125 0.8888308296874999 0.6418232140625 0.8888403625000001 0.6663099406249999 0.875883646875 0.6663768125 0.8751193125000001 0.663857853125 0.8705164484375001 0.6381062109375 0.8836406125
3 0.4066436203125 0.58743206875 0.41183214375 0.5910998265625 0.4167060046875 0.5915262343750001 0.4186882203125 0.5688694046875 0.409926921875 0.5686516640625 0.4066436203125 0.58743206875
3 0.46411829843749997 0.2647333625 0.4640874390625 0.26508607500000003 0.4642850765625 0.2694474171875 0.4712437859375 0.270056225 0.4817635421875 0.2687468984375 0.49041659375 0.2689129703125 0.49105325781250003 0.261635871875 0.46411829843749997 0.2647333625
3 0.771810021875 0.3642116921875 0.7751751484375 0.36722785625 0.7762911078125 0.367325490625 0.8044093953125 0.3551326 0.804772840625 0.350978396875 0.8009240125 0.350151521875 0.771810021875 0.3642116921875
3 0.8639602296875 0.8576901234375001 0.8640902640625001 0.8562038281250001 0.8632086203125 0.8525130671875001 0.8489453484375 0.856185878125 0.8441282671874999 0.8643756375 0.8473606374999999 0.8723162500000001 0.8499744609375 0.8725449296875001 0.8502655140625001 0.8692181781249999 0.8542687125 0.8609572109375 0.8639602296875 0.8576901234375001
3 0.8377055312499999 0.81463761875 0.829887109375 0.8102630828124999 0.8282721625 0.8193480796875001 0.8356311734374999 0.841489153125 0.8417338437499999 0.8420230671875 0.8433919234375 0.8417994640625001 0.8436546390625 0.8387966078125 0.8377055312499999 0.81463761875
3 0.8547322546875 0.8451131796875 0.8541982125 0.851217315625 0.8695018078125001 0.8544014625 0.880279890625 0.8579431578125 0.8823269968749999 0.85812225625 0.8833383390625 0.8513294484375 0.883871675 0.8452333875000001 0.8547322546875 0.8451131796875
3 0.8497740546875001 0.5911564499999999 0.8491759265625 0.5979930812500001 0.8564683421874999 0.598631084375 0.8943995875 0.5994050640624999 0.8947424046875 0.5954866359375 0.8946445140625 0.5938519359375001 0.8497740546875001 0.5911564499999999
3 0.7650513531249999 0.4773189734375 0.781843090625 0.4995625796875 0.7821867203124999 0.49959264374999995 0.7856513875 0.4978268953125 0.7858714921875001 0.49531110468749995 0.7725365265625 0.47612858593749996 0.7650513531249999 0.4773189734375
3 0.7593066015625001 0.279573771875 0.7655377359375 0.2795350734375 0.7661225546875 0.27285056875 0.7467183625 0.2734748703125 0.7469457359375 0.2784923359375 0.7593066015625001 0.279573771875
3 0.8590506140624999 0.11655294062499999 0.8755857828125 0.118783815625 0.883063334375 0.119438015625 0.8831522046875 0.1184222203125 0.8601315203125001 0.113572078125 0.8590506140624999 0.11655294062499999
3 0.924485315625 0.18187953750000002 0.9088612953125 0.1823578703125 0.90441804375 0.1862747359375 0.9055397546874999 0.187280125 0.9108590609375 0.1877455046875 0.9243035984375 0.1858899421875 0.924620134375 0.182271915625 0.924485315625 0.18187953750000002
3 0.79854451875 0.11674898281249999 0.8008308203125001 0.1090759125 0.7926385687499999 0.10897426875 0.7912696421875001 0.1161125140625 0.79854451875 0.11674898281249999
3 0.981635140625 0.293919784375 0.9874197171875 0.2948256765625 0.9993787187500001 0.2958719546875 0.99973860625 0.2917584125 0.9796207203125 0.2888228625 0.981635140625 0.293919784375
3 0.18866636406249998 0.7977731109375 0.192628978125 0.7993499671875 0.1975122859375 0.7997772015625 0.2100739890625 0.78409205625 0.21012313906250002 0.7835302859375 0.20100920156250002 0.77855514375 0.18866636406249998 0.7977731109375