16 0.5862698328125 0.62248499375 0.5883448984374999 0.6240241109375 0.59260341875 0.6244083703125 0.60035020625 0.6212280828125001 0.6102467765624999 0.6154204640625001 0.6100205421875 0.6129607921875 0.605032815625 0.6029888109375 0.5989591328125 0.604997578125 0.59274339375 0.6082278515625 0.5882175921874999 0.6110228375 0.584905053125 0.61483835 0.5842694828125 0.6167794296875 0.5838096390625 0.618971475 0.56968821875 0.6258673046875 0.5595990859375 0.630687721875 0.550354921875 0.6352904953125 0.5409687015625 0.6411147749999999 0.5364597359375 0.644645996875 0.5355687828125 0.64614223125 0.5362074078125 0.647054284375 0.537723503125 0.647875228125 0.544959940625 0.6446782796875 0.555049075 0.6398578625 0.565121371875 0.6343012109374999 0.5777117453125 0.627355396875 0.5862698328125 0.62248499375
28 0.537680828125 0.7499515625 0.5379502328125 0.750008703125 0.5419631375 0.7471988374999999 0.5569875625 0.730021209375 0.552745878125 0.7303731859375 0.536381978125 0.7480966140625 0.537680828125 0.7499515625
3 0.774860675 0.9120557921874999 0.7801809390625001 0.90683445625 0.7546109000000001 0.8888336562499999 0.752415340625 0.8931760921875 0.755370765625 0.8973968765624999 0.774860675 0.9120557921874999
3 0.5439131890625 0.9086797578124999 0.571597675 0.9076572390625 0.5716872703125 0.9075945031250001 0.5722168187500001 0.901295621875 0.5433531609375 0.902805584375 0.5434731109375 0.9080512593750001 0.5439131890625 0.9086797578124999
3 0.62456503125 0.529040203125 0.61233140625 0.5144175453125001 0.6048527703125 0.5189867640625 0.617897834375 0.537617046875 0.6219055171875 0.5348108359375 0.62456503125 0.529040203125
3 0.3885660421875 0.2890972390625 0.3927559578125 0.295081059375 0.40016668437499997 0.2906107109375 0.40993172343750006 0.28648474375 0.4156537390625 0.2824781453125 0.413644228125 0.27860229375 0.413441146875 0.2783122640625 0.3885660421875 0.2890972390625
3 0.16394003125 0.52674585 0.194387628125 0.5232460578125 0.195305259375 0.522603525 0.1967114625 0.5183088859375 0.16446792187499998 0.5206894171875 0.16154817500000002 0.5233299265625 0.16394003125 0.52674585
3 0.3758974015625 0.9829386937500001 0.36170864062499997 0.98688958125 0.362790496875 0.9905266968750001 0.36364625625 0.9917488484374999 0.3736729015625 0.9897324703124999 0.38127025625 0.9948850796875 0.383185690625 0.9976206046874999 0.3853349890625 0.9961156499999999 0.384163996875 0.9876226921875 0.3758974015625 0.9829386937500001
3 0.37178465625 0.9652337890625 0.37351360312500004 0.9677029812500001 0.37506134375 0.9670675875000001 0.38007945468750004 0.96355386875 0.3753820078125 0.9406996296875001 0.36944092500000003 0.9336392671875 0.364857240625 0.9413369359375 0.37178465625 0.9652337890625
3 0.3497538484375 1 0.3572027796875 0.9916715734375 0.3688640078125 0.9812622234375 0.3653494453125 0.976242909375 0.34017407187500004 0.9909167218749999 0.34368398437500003 0.995929396875 0.3469182046875 1 0.3497538484375 1
3 0.20814247031250002 0.7832871046875 0.240604903125 0.7636511953125 0.24660131718749997 0.7594524609375 0.24266500781250003 0.7538308296875 0.20515379375 0.77860041875 0.20588636718750003 0.7800650546875 0.20814247031250002 0.7832871046875
3 0.2515320890625 0.6409437312499999 0.255415453125 0.640740578125 0.2556980140625 0.640542728125 0.2591182828125 0.61288333125 0.2520407375 0.6155950125 0.25008357812500004 0.6388750421875 0.2515320890625 0.6409437312499999
3 0.16522078125 0.4387585875 0.1753848875 0.431641603125 0.173073065625 0.427182665625 0.1559563921875 0.4363441 0.1598051125 0.441840640625 0.16522078125 0.4387585875
3 0.0440108234375 0.31186521875 0.0498273546875 0.3173671421875 0.055809346875 0.31317850625 0.051054699999999995 0.3076810671875 0.0440108234375 0.31186521875
3 0.89312931875 0.6010679328124999 0.9118506453125 0.6083708140625 0.9158660968750001 0.605559165625 0.91850939375 0.6022122609375 0.8982111984375001 0.5917404312500001 0.8928058703125 0.600606 0.89312931875 0.6010679328124999