4 0.588863753125 0.5566836656249999 0.599341284375 0.5622455093750001 0.607411365625 0.563304290625 0.6170736078125 0.5657816015625 0.6299201734375 0.5710959640625 0.6364182984375 0.5764924015624999 0.638937015625 0.5817234359375 0.6400699859375 0.5825559874999999 0.6526833125 0.588437678125 0.6602056734375 0.5892748609375 0.66383306875 0.5882619859375 0.6678124765625 0.5884273890625 0.67410628125 0.5913622375 0.6770217390625 0.58991878125 0.6774552765624999 0.588989059375 0.6768071203125 0.5865368546874999 0.676362053125 0.583624959375 0.6682171296875 0.5798269203124999 0.6648102734375 0.5755339203125 0.6599407359375 0.569544725 0.6527952171875 0.565536625 0.640818578125 0.560289871875 0.625621190625 0.5542173484374999 0.620419846875 0.5528060546875 0.614848278125 0.5512221234375 0.6120341781249999 0.548557709375 0.6036485109374999 0.5443093625000001 0.5981882078125 0.5434534046875 0.5932093968750001 0.5434980609375 0.5915406234375 0.544007846875 0.590063271875 0.5471760375 0.5948217640625 0.5506727687499999 0.592175559375 0.552481228125 0.5895657828124999 0.5522784015625 0.588863753125 0.5566836656249999
4 0.44949963750000005 0.33525002187499997 0.439707915625 0.3330503796875 0.4337479125 0.3322994515625 0.4297502921875 0.3331396890625 0.42892034843750004 0.3344724671875 0.42777202656249996 0.3369350515625 0.4272719859375 0.33942101875 0.42942048125000004 0.344479415625 0.430157284375 0.34502581875 0.43845030156250003 0.348892915625 0.439786746875 0.34931328437500003 0.45192928749999994 0.3522710875 0.45716705781250006 0.351671096875 0.46255251875000003 0.349787796875 0.4661799125 0.348774921875 0.470992821875 0.3510192171875 0.47254855781250005 0.3544490265625 0.47454736875 0.354028909375 0.47717536093749996 0.35322609374999997 0.47856319999999997 0.35218303125 0.48093223281249997 0.35193555 0.48304230937500003 0.3522434046875 0.48481858593749994 0.3503673390625 0.4850957546875 0.3488063609375 0.48450299843750005 0.347177775 0.48252240156250004 0.34659225312499997 0.48017158125000003 0.3458340921875 0.47795023593749997 0.3447982625 0.4747659140625 0.341961209375 0.47324051093749997 0.340979465625 0.4689088953125 0.3389596 0.46414069218750004 0.3376826765625 0.4580694203125 0.336203775 0.4555709078125 0.3367289234375 0.44949963750000005 0.33525002187499997
4 0.546717025 0.32519460625 0.550844121875 0.3240767015625 0.5509918125000001 0.32279339375 0.5505285343749999 0.320887140625 0.5474736921875001 0.3177724171875 0.5423654 0.3180947421875 0.5363871828125 0.3183494546875 0.5342406828125 0.32005288125 0.5317313859375 0.321036125 0.5315138625 0.32150260468749997 0.5315226171874999 0.32160810156249997 0.5402894296875 0.325696134375 0.5416087328125 0.32551693125000003 0.546717025 0.32519460625
12 0.7094654578124999 0.48554591875 0.7097790515625 0.4819736578125 0.7077236124999999 0.478648878125 0.7072603328125 0.476742625 0.705334371875 0.473140178125 0.7029653390624999 0.47338765625 0.7001896578125 0.4754737828125 0.69806136875 0.47617156875 0.69593308125 0.4768693546875 0.6933617203125 0.4814170703125 0.6929186484375001 0.4852669984375 0.6905698218749999 0.49127065937500003 0.6913097421875001 0.4961116859375 0.697686846875 0.4990853796875 0.6996413015625 0.4988812078125 0.7033617515625 0.49960194687500004 0.7051198140625 0.49873152187500003 0.7094654578124999 0.48554591875
8 0.61992501875 0.52549793125 0.6322920875 0.5366735046875 0.6385802828125 0.5422086828125 0.6507318484375 0.5478750515625 0.65211826875 0.5482849187500001 0.6554502828125 0.5498386609375 0.6600224453125 0.551632653125 0.665834759375 0.5536668890625001 0.6705364015625 0.5551832109375 0.6727375375 0.550462859375 0.67464329375 0.5483091250000001 0.6750499421875 0.546470478125 0.6729925078125001 0.5363838734375 0.6603502640625 0.5335311015624999 0.6374165953125 0.5285837171875001 0.6373235421875 0.5268501031249999 0.6371556453125 0.5223772296875 0.6384187109374999 0.5179969484375 0.6338075 0.51584670625 0.6269370703125 0.51626005 0.6210531015625 0.5176900359375 0.619545321875 0.5209234781250001 0.61992501875 0.52549793125
28 0.9447652546875001 0.681283490625 0.9419875781249999 0.6766077921875 0.939986775 0.6702660875 0.92789886875 0.6642913578125 0.9266242921875 0.664680725 0.9258123484375 0.6664219453125 0.92884563125 0.6738600484374999 0.9331417359374999 0.6778409171875001 0.9424917359375 0.6822008937499999 0.9447652546875001 0.681283490625
28 0.5963762921875 0.5123365921875 0.5970038875 0.5142011515625 0.6004760609375001 0.515820253125 0.6027813640625 0.5159994140624999 0.607648909375 0.5152267875 0.6073333203125 0.5120372234375 0.6073697453125 0.5100259390625 0.6055368390625 0.5081571078125 0.603538028125 0.5085772265624999 0.5990589203125001 0.50851685 0.59326660625 0.50703175625 0.5919321671875 0.50989346875 0.5920630859375 0.509987265625 0.5926740546875 0.5106102109374999 0.5953768890625 0.5125466515625 0.5963762921875 0.5123365921875
28 0.559016109375 0.466739225 0.5614033546874999 0.46548610312500005 0.5620689609375 0.46309212187500004 0.5598658296875 0.46105065156249997 0.5521313640625001 0.4584505390625 0.55099875 0.46087943750000004 0.5511483546875 0.46138020781250005 0.554997459375 0.46530475625 0.5585590109374999 0.46696553593749995 0.559016109375 0.466739225
28 0.272730584375 0.060811865624999996 0.2759331203125 0.06264327812500001 0.2809119328125 0.06259862187500001 0.280319175 0.0609700359375 0.2666391078125 0.053576781250000004 0.260176440625 0.0571550625 0.261214190625 0.057638971875 0.2638270015625 0.057674190624999996 0.267454396875 0.056661312500000005 0.27004596406250003 0.0578697796875 0.272730584375 0.060811865624999996
28 0.71900359375 0.3464429390625 0.7164120281249999 0.345234471875 0.7113401609375 0.34354551093749996 0.7108722046875 0.343558296875 0.7099345625 0.345569075 0.709923484375 0.346180840625 0.7113118218750001 0.34682823281249997 0.716616346875 0.3476960609375 0.71900359375 0.3464429390625
6 0.38647695312499997 0.4160308296875 0.3991567015625 0.42194349375 0.40056238281249995 0.4217707625 0.40346754375 0.41940697031249996 0.4048918078125 0.41635262500000003 0.4031135375 0.41146686718750003 0.40166906718749995 0.4087650296875 0.3908759484375 0.40001362343749997 0.38828438125 0.39880515625 0.3848046765625 0.39853472343749996 0.3833198625 0.3989883140625 0.38062865 0.40475964062500003 0.382030990625 0.4073826734375 0.38358672656250004 0.4108124828125 0.385383209375 0.41469259843749995 0.38647695312499997 0.4160308296875
19 0.575397225 0.47316090468749994 0.57626715 0.4732285140625 0.5748591046875 0.46851539375 0.5689173109375 0.466758825 0.5694534375 0.46464251250000005 0.5642703046875 0.462225578125 0.5623827640625 0.4633736703125 0.56210559375 0.464934646875 0.5606076203125 0.466153478125 0.5592703484375 0.469021265625 0.5644766234375 0.471448990625 0.566586696875 0.47175684687499997 0.5679745375 0.4707137828125 0.571195284375 0.47153955156249994 0.575397225 0.47316090468749994
7 0.5188135171875 0.26911609062499997 0.5193112265625001 0.26224923906250003 0.5183482453125 0.2604480140625 0.515497721875 0.25979488281249996 0.51363304375 0.2600240140625 0.511910978125 0.263716996875 0.5112613515625 0.2669466375 0.512705821875 0.2696484734375 0.516037834375 0.27120221718750004 0.5188135171875 0.26911609062499997