4 0.33663876875 0.5610787640625 0.331462453125 0.5668049 0.32783558749999997 0.5709137156249999 0.319503053125 0.574280278125 0.3189061984375 0.5771648890625001 0.3181305921875 0.5795798109375 0.3185148765625 0.5805309484375 0.3213507953125 0.5821250109375 0.327789571875 0.5795235765625 0.331772184375 0.579566665625 0.335341596875 0.5807679953125 0.3428974640625 0.58032565 0.355801328125 0.57511215 0.35697631875 0.574340034375 0.35976535625 0.5692479890625 0.36653700312500004 0.5641990328125 0.3796440953125 0.559564290625 0.389422746875 0.5575960578125 0.39753718125000004 0.5569610828125 0.40829143749999997 0.5519552140624999 0.4078209234375 0.5475192453125 0.4052041078125 0.5475852078125001 0.402656178125 0.5456407359375001 0.407591153125 0.5423978375 0.40628163749999996 0.5391566703125 0.40464183125000003 0.5385602453125 0.3996721796875 0.5382550796875 0.3941745625 0.5388240953125 0.38557804687499997 0.542627746875 0.3826283578125 0.5451412312499999 0.376981528125 0.5464313984375 0.3717134515625 0.5475685390625 0.35621908125 0.552837371875 0.3439842609375 0.5574501265625 0.33663876875 0.5610787640625
4 0.5291435640625 0.35350752343749997 0.5304749109375 0.3546217921875 0.5330572859375 0.3555610453125 0.5350313703125 0.356085196875 0.5367644765625 0.35274150937500004 0.5416882484375 0.3507521765625 0.545257659375 0.3519535078125 0.5505371765625 0.3541160796875 0.5557363671875 0.354989371875 0.5680170671875 0.3526711125 0.56937368125 0.352321265625 0.5778577203124999 0.34889349062499997 0.578622109375 0.348386396875 0.581032396875 0.343447378125 0.5806631484375 0.34093864687500003 0.57964528125 0.3384193390625 0.5788862265625 0.3370449515625 0.574938059375 0.335996646875 0.5689469234375 0.336434621875 0.5590535 0.338118790625 0.5529131515625 0.33927791875 0.5504455484374999 0.338622728125 0.544305196875 0.3397818578125 0.5394766984375 0.3408074828125 0.5350453078124999 0.34259788125 0.533470615625 0.34349844531249996 0.5301421765625001 0.34616495625 0.5278696640625 0.3470831109375 0.5254823875 0.3477172 0.5234738609375 0.3481982640625 0.5227966828125 0.3497935953125 0.522991778125 0.3513669390625 0.5246674328125 0.353333396875 0.5267907296875001 0.353136396875 0.5291435640625 0.35350752343749997
4 0.4688881453125 0.323826425 0.47785689375 0.32020281562499997 0.4778711578125 0.320097921875 0.477678346875 0.3196206953125 0.475223946875 0.3185074734375 0.47316953906250003 0.3166940421875 0.46721284531249996 0.316126803125 0.46212842500000006 0.315537571875 0.45891475625 0.3184881484375 0.4583523484375 0.32036754375 0.458432671875 0.3216568234375 0.46249560624999997 0.32298919062500003 0.467580028125 0.3235784203125 0.4688881453125 0.323826425
12 0.29367849687500003 0.467806725 0.29145186875 0.471019375 0.291578075 0.474603153125 0.2952276828125 0.48799811875000004 0.29693778125 0.4889593609375 0.300690853125 0.4884343234375 0.30263194375 0.48874050156250004 0.309155940625 0.4861046359375 0.31014820625 0.48130896874999995 0.30811680625000004 0.4751906078125 0.30787583125 0.4713227671875 0.305546003125 0.46664670937499997 0.30345715 0.46583849375 0.3013682984375 0.465030278125 0.2987056 0.4628017421875 0.296352765625 0.4624306171875 0.29424090625 0.4659273296875 0.29367849687500003 0.467806725
8 0.33158380468750004 0.5449142203124999 0.337494615625 0.5431869640625 0.342154403125 0.5416347203125 0.3455631671875 0.540257490625 0.3469691375 0.5399207453125 0.3594006046875 0.53489810625 0.365969871875 0.5296996125 0.3789048765625 0.5191865953125 0.3795234609375 0.5146382843749999 0.37818697343749996 0.5113303625000001 0.37238590625 0.50959439375 0.36554652656250003 0.5088220453125001 0.3608290984375 0.510728009375 0.3618611890625 0.515168390625 0.3614594296875 0.519626346875 0.3612757734375 0.521352715625 0.3381146078125 0.5250930640625 0.3253403875 0.5272802828125001 0.32275788125 0.5372453859374999 0.32306774531250004 0.5391027953124999 0.3248581703125 0.5413533171875 0.326809246875 0.5461823984375 0.33158380468750004 0.5449142203124999
28 0.06408920625 0.64167170625 0.051705173437499995 0.6470056140625 0.0493752125 0.653233915625 0.0463566359375 0.6577578328125 0.048579025 0.658792965625 0.0581443953125 0.6549283046875 0.06264295625 0.6511777328125 0.06606136093750001 0.6439085734375001 0.0653416578125 0.6421272453125 0.06408920625 0.64167170625
28 0.40311014062500006 0.507275740625 0.40409718124999994 0.507537815625 0.40689765624999996 0.505745484375 0.407540390625 0.50515536875 0.4076760390625 0.505068553125 0.4064931984375 0.5021409218749999 0.4006311 0.5033208359375 0.39615496875 0.503146709375 0.3941808859375 0.5026225578125 0.392252684375 0.5043929015625 0.39218379531249997 0.5064033343750001 0.3917017125 0.5095720109374999 0.39652215 0.5105983265625 0.3988336703125 0.5105400609374999 0.402385821875 0.5091048984375 0.40311014062500006 0.507275740625
28 0.44225466718749995 0.4579708953125 0.4399477125 0.4598942640625 0.44048711406249996 0.46231980000000006 0.4428055046875 0.46369614375 0.44325013125 0.46394606562499996 0.44689372031249996 0.46247396093750004 0.45094294531249995 0.4587562375 0.45111855468749995 0.4582639828125 0.4501146109375 0.45577913593749997 0.44225466718749995 0.4579708953125
28 0.762671603125 0.0703133609375 0.756405065625 0.06640175468750001 0.7423568125 0.0730689171875 0.7416796328124999 0.0746642484375 0.7466492859375 0.07496941406249999 0.7499432828125 0.0733081203125 0.7527782000000001 0.07051056875 0.7554294609375 0.0694393890625 0.7589988765625 0.0706407234375 0.76160995 0.070742296875 0.762671603125 0.0703133609375
28 0.291984359375 0.33412044218750003 0.2893330984375 0.3351916203125 0.291651490625 0.3365679640625 0.2969941640625 0.33597894375 0.29841448125 0.3354050984375 0.2984354359375 0.334793590625 0.297604315625 0.332736496875 0.29713766875 0.3326992375 0.291984359375 0.33412044218750003
6 0.617762075 0.42208724374999995 0.6189243578125 0.42080808750000004 0.620921446875 0.41702731093749995 0.6226545546875 0.413683621875 0.6241922515625 0.41113757812499996 0.621806775 0.40523331406249996 0.620347734375 0.4047026359375 0.6168586453125 0.404790584375 0.614207384375 0.4058617625 0.60297104375 0.41403630781249995 0.6013871484375 0.41665884374999995 0.5993556140625 0.4214448375 0.6006180750000001 0.42456953906250006 0.6033955421874999 0.4270821359375 0.6047902578125 0.42732819843750003 0.617762075 0.42208724374999995
19 0.430391790625 0.4678524828125 0.433651340625 0.46719640625 0.43498269062499995 0.468310675 0.43710598437500003 0.46811367343750004 0.44243218124999995 0.46596175000000006 0.44124683124999997 0.46302790624999995 0.4398146984375 0.46173234687500003 0.43961960468749994 0.46015900312499997 0.43779473593749996 0.4589136984375 0.4324922125 0.46105605625 0.43291684531249996 0.463197528125 0.42689126406250005 0.46464071875 0.4252384828125 0.46927368906250005 0.42611075468750004 0.46925170156249996 0.430391790625 0.4678524828125
7 0.49709488124999995 0.2593129875 0.4942140828125 0.2598160390625 0.4931581515625 0.26156439531250003 0.4932957953125 0.2684478859375 0.49595849531249997 0.270676421875 0.49936725937500004 0.2692991921875 0.500951153125 0.26667665625 0.5004714421875 0.2634174421875 0.4989450125 0.25963939375 0.49709488124999995 0.2593129875