4 0.6047322937499999 0.48812771093749996 0.616375046875 0.48585635 0.623312990625 0.4816005109375 0.632380984375 0.47744509687500003 0.645709078125 0.47349052656249996 0.6541551578125 0.47359494375000005 0.6594045656249999 0.476075140625 0.660808990625 0.476009153125 0.6743128546875 0.47264226249999997 0.6806856828125001 0.4685589 0.682867275 0.4654889546875 0.6860639484375 0.463113175 0.6928021125 0.46143316093750003 0.6941594531249999 0.458476628125 0.69391128125 0.4574812640625 0.691864346875 0.45598344218750003 0.68968595 0.4540005640625 0.680965971875 0.45617469843749997 0.675616675 0.45498241562499997 0.668063209375 0.4533924359375 0.6599877203125 0.45477437812500004 0.6473782359375 0.45823402812499997 0.631746084375 0.46307881562500003 0.6268157249999999 0.465255346875 0.621489003125 0.467530703125 0.617625265625 0.467231034375 0.6084348078125 0.4692067203125 0.603652684375 0.47197779687499997 0.599811521875 0.4751457671875 0.5988354609375001 0.47659214062500005 0.59968115 0.4799840125 0.6055797578125001 0.47970686718750005 0.6046613703125 0.48277761406249997 0.60250555 0.48426237499999997 0.6047322937499999 0.48812771093749996
4 0.357073328125 0.403746128125 0.34807945 0.40819881562500004 0.3429750828125 0.41136598593749996 0.3403971265625 0.41453475781250004 0.34059088437499996 0.41609282031249994 0.341248225 0.4187292703125 0.342424090625 0.420975915625 0.3472771375 0.4235549359375 0.34819360312500003 0.4235158859375 0.35707213125 0.4213022203125 0.358375290625 0.42078785625000004 0.36967322343750003 0.4154449515625 0.3733661484375 0.41168243593750004 0.3763662390625 0.40682965624999995 0.3785478296875 0.4037597125 0.38370054374999996 0.40247499531250003 0.38706802812499996 0.4041614015625 0.3883570078125 0.40257701562500003 0.3898941125 0.40029926250000003 0.39031624531250003 0.39861525468750003 0.392001584375 0.3969320453125 0.39383516093750004 0.39584337812500003 0.3940349390625 0.3932675546875 0.3932679859375 0.3918800203125 0.3917824265625 0.39098740468750004 0.38987473281249996 0.39177879843749996 0.387570675 0.392669015625 0.385192496875 0.3932619625 0.38093239843750004 0.3930611171875 0.37912910625 0.39325812656250003 0.3744916671875 0.39441436875 0.36998248125 0.396422740625 0.36433351406250003 0.39909419375 0.3627222921875 0.401074675 0.357073328125 0.403746128125
4 0.4262973484375 0.3347507171875 0.428801184375 0.3312846765625 0.42810835 0.3301944140625 0.426548671875 0.3290045265625 0.42221445312499994 0.3285064078125 0.41844741093750004 0.331971653125 0.4139617609375 0.335931815625 0.4133656171875 0.3386064640625 0.4120343015625 0.3409497390625 0.41215882031250006 0.3414491546875 0.412232015625 0.34152563125 0.42161779062500004 0.33918549531250003 0.42253030625 0.33821596249999997 0.4262973484375 0.3347507171875
12 0.6536889875 0.3569461859375 0.6516845984375 0.3539726671875 0.6479948703125 0.3526823578125 0.646435190625 0.3514924703125 0.64267134375 0.349904890625 0.640986003125 0.3515880984375 0.6401417359375 0.35495611562499996 0.6389268765625 0.3568377734375 0.637712015625 0.3587194296875 0.6385756625 0.363871878125 0.6406541703124999 0.3671426671875 0.642607015625 0.373286553125 0.646228596875 0.376583090625 0.6530559453125 0.3748808421875 0.6544463515625 0.37349219375 0.6577912609375 0.3717109578125 0.65860975625 0.369928125 0.6536889875 0.3569461859375
8 0.6092456109375 0.4443443546875 0.6258896468749999 0.44524655781250005 0.6342598921875 0.445590909375 0.64726939375 0.4423472765625 0.64860478125 0.44179330156249996 0.6521720453125 0.44090388281250004 0.656854278125 0.43942071875 0.66265148125 0.43734381093749997 0.6672595953125 0.435563375 0.6659995859375 0.43050975156250004 0.666125246875 0.4276366546875 0.665284175 0.425951846875 0.6573375421875001 0.4194078671875 0.645717365625 0.42514686875 0.6247810687500001 0.4357346546875 0.623617753125 0.43444594375 0.6206724015625 0.43107552968749996 0.6188973890625 0.4268765390625 0.6139606125 0.428107415625 0.6088814124999999 0.4327523453125 0.605208628125 0.4375665546875 0.6060717359375001 0.4410282875 0.6092456109375 0.4443443546875
28 0.9597329171875 0.3609838890625 0.9546317468750001 0.3590982375 0.949085865625 0.355428953125 0.9359317796875001 0.35839288125 0.9351862843750001 0.35949759375 0.9356510703125 0.36136175000000004 0.9426893234374999 0.365233334375 0.948533265625 0.3656234234375 0.958543403125 0.363127615625 0.9597329171875 0.3609838890625
28 0.582662115625 0.4489357671875 0.5843232546875 0.44998984374999995 0.5880405718749999 0.4490630109375 0.5899448796875 0.44775147187500003 0.5932414421875001 0.4440877828125 0.5909889265625 0.4418076328125 0.5897514921875 0.4402216484375 0.5871509625 0.43992277812499997 0.5858619843749999 0.4415071640625 0.5823430671875001 0.44427903750000003 0.57690699375 0.4467701234375 0.577670875 0.44983388281250003 0.5778316453125 0.4498243859375 0.5786984890625 0.4499240109375 0.5820176265625 0.4497279578125 0.582662115625 0.4489357671875
28 0.5249324468750001 0.43701148281249996 0.5259990703125 0.43453528124999996 0.5250097625000001 0.43225592968750004 0.5220128671875 0.432055884375 0.5143657562499999 0.4349026734375 0.5150141046875001 0.437503059375 0.515445515625 0.43779808124999997 0.5209066296875 0.438425709375 0.5247196375 0.43747501875 0.5249324468750001 0.43701148281249996
28 0.04698844375 0.30171199375 0.0506298265625 0.3011198453125 0.0544709875 0.2979518734375 0.05298542656250001 0.297059259375 0.037701290625 0.2999227671875 0.034930740625 0.30677070156249997 0.036041757812500005 0.30649369375 0.03809445625 0.3048767671875 0.0402760484375 0.30180681875 0.043050585937500004 0.30111505 0.04698844375 0.30171199375
28 0.57356116875 0.2428403234375 0.5707866296875 0.24353209374999998 0.565782153125 0.245411353125 0.5654265281249999 0.24571578437500002 0.5659632671875 0.2478685296875 0.5663396546875 0.24835093281249998 0.5678260125000001 0.24798034218749998 0.5724945453125 0.245316525 0.57356116875 0.2428403234375
6 0.3589325109375 0.5061860671875 0.3725074859375 0.5028014453125 0.373491203125 0.501782584375 0.3742613546875 0.498117296875 0.373446053125 0.4948473046875 0.368989371875 0.492169459375 0.3661664859375 0.49097877343749996 0.35227121875 0.49096998281250004 0.3494966796875 0.491661753125 0.346622253125 0.4936414359375 0.3457537890625 0.49492836562500003 0.3472943359375 0.5011071640625 0.3500348875 0.502263121875 0.353402371875 0.5039495281249999 0.3572403359375 0.50583438125 0.3589325109375 0.5061860671875
19 0.541704259375 0.43169309531250005 0.5424228656250001 0.431198175 0.538362546875 0.42842150468750007 0.5326394609375 0.43079568593750006 0.5317242703125 0.42881360625 0.52617519375 0.430197146875 0.5254308156249999 0.43227725 0.5261977703125 0.43366478593749996 0.5258006609375 0.4355547015625 0.5265661625 0.43862496249999994 0.532140015625 0.4372352453125 0.5339735890624999 0.43614658124999994 0.5343957234375 0.434462571875 0.5374183875 0.4330774328125 0.541704259375 0.43169309531250005
7 0.369320896875 0.30872977343749997 0.3653862390625 0.30308000625 0.363504315625 0.302286215625 0.3608780140625 0.3035725296875 0.359573084375 0.3049240796875 0.36055885625 0.308877796875 0.36208648125 0.31179652343750003 0.364909365625 0.312987209375 0.3684766296875 0.312097790625 0.369320896875 0.30872977343749997