16 0.5433102812499999 0.6428349671875 0.5568322125 0.6379442359375 0.5660468328125 0.6344725765625 0.56785558125 0.6363173546875001 0.5720015609375 0.6373630625 0.580150478125 0.6354337953125 0.5908337171875 0.6312458421875 0.5909950453125 0.6287810625 0.5876286875 0.6181516 0.5813155421875 0.619185503125 0.574671003125 0.62140365 0.5697636890625 0.6234562343750001 0.56589505625 0.6267065765625001 0.5649636578125 0.6285243328125001 0.5641665640625 0.6306174546875 0.5491402562500001 0.6352193078124999 0.5384212578125 0.6384020890625 0.5285708734375001 0.641502090625 0.51838909375 0.645786334375 0.5133832359375 0.6485687234374999 0.5122691890625 0.6499071625 0.5127572765624999 0.6509078890625 0.51412628125 0.6519558953125 0.5217737390625 0.649930334375 0.5324927390624999 0.646747553125 0.5433102812499999 0.6428349671875
28 0.5160581828125 0.7357881828124999 0.49712319374999997 0.7507335281249999 0.498115875 0.752768825 0.49837302499999997 0.75286740625 0.502776084375 0.750719890625 0.5203027062500001 0.7361040859375 0.5160581828125 0.7357881828124999
3 0.6878013968750001 0.9278219 0.690060159375 0.93245305 0.70701695625 0.949980384375 0.713088515625 0.9456556046875001 0.69064923125 0.9238763890625 0.6878013968750001 0.9278219
3 0.47980673593749995 0.90462830625 0.479104603125 0.9098281640625 0.4794409453125 0.9105177671875 0.506944546875 0.9138386453124999 0.507042853125 0.9137906984375 0.50855124375 0.9076522062500001 0.47980673593749995 0.90462830625
3 0.6105617125 0.5555972031249999 0.61495904375 0.55345248125 0.6184885390625 0.548168934375 0.60869301875 0.5318125453125 0.6005916734375 0.5351555921875 0.6105617125 0.5555972031249999
3 0.44934164218749995 0.267819046875 0.44918643124999996 0.26750081875 0.42293044062499996 0.274261690625 0.4261326953125 0.2808272859375 0.4341515 0.27757126875 0.44444175937499997 0.2750236875 0.45072009687500003 0.2719615375 0.44934164218749995 0.267819046875
3 0.165362340625 0.4679459140625 0.162065475 0.47009716562500004 0.1638935140625 0.4738452015625 0.1945137375 0.4751515515625 0.1955205875 0.4746604796875 0.19758130625 0.47063869374999995 0.165362340625 0.4679459140625
3 0.30913711875 0.9720700828125001 0.3093091359375 0.9634985046875 0.3018770546875 0.95757899375 0.2872449265625 0.959261628125 0.2877444921875 0.9630232031249999 0.2883985296875 0.9643641781250001 0.2986171609375 0.9639411390625 0.3053149328125 0.9702187984374999 0.30677885625 0.9732202843750001 0.30913711875 0.9720700828125001
3 0.303212196875 0.9078765093750001 0.297480765625 0.9147623609375 0.3005846 0.939448690625 0.30190599375 0.94215795 0.303534078125 0.9417724984375001 0.3090400734375 0.9390870453125 0.3079756515625 0.9157793375000001 0.303212196875 0.9078765093750001
3 0.2951925109375 0.9548228984374999 0.2925064125 0.9493155812499999 0.2653454984375 0.9598704390625 0.26802804375 0.9653704718749999 0.2714065375 0.9713496718749999 0.27325349375 0.9704488515625 0.28204647031249996 0.9632798734374999 0.2951925109375 0.9548228984374999
3 0.16520113281249998 0.7290462765625 0.1656955671875 0.7306074796875001 0.1674198546875 0.73414279375 0.20255435312499998 0.719826878125 0.20913376874999998 0.7166178828125 0.20612533906250002 0.7104496890625 0.16520113281249998 0.7290462765625
3 0.2370104828125 0.5753824703125 0.2314356203125 0.5980697187499999 0.23254268437499998 0.600339534375 0.23641001718750002 0.6007463765625001 0.23672005000000002 0.6005951625 0.24442509218750003 0.573811346875 0.2370104828125 0.5753824703125
3 0.1701501171875 0.38330753125 0.173091603125 0.3893384734375 0.17892273593750002 0.3871415625 0.19007504687500001 0.3817022171875 0.18848921875 0.376936528125 0.1701501171875 0.38330753125
3 0.0059983515624999996 0.28199240312499996 0.0127448015625 0.27870193906249996 0.0273822390625 0.2706935640625 0.025304879687499997 0.26829805156250003 0.0055513546875 0.2810759234375 0.0059983515624999996 0.28199240312499996
3 0 0.356781228125 0.00452801875 0.3557240328125 0.0093272421875 0.3533832953125 0.01001415 0.35204270000000004 0.0044623390625 0.349978309375 0 0.351536315625 0 0.356781228125
3 0.0905033921875 0.2459918625 0.0866672703125 0.239818315625 0.0790555703125 0.24284904687500003 0.0839398 0.2491931390625 0.0905033921875 0.2459918625
3 0.8789571921875 0.6529049109375 0.87223153125 0.66081575 0.8724787359375 0.66132259375 0.88982715 0.671464225 0.8942330046875 0.669315346875 0.8973673281250001 0.6664231515625 0.8789571921875 0.6529049109375